# Every verse containing General People (#1b76b2) - 17,478 verses
# Format: Book chapter:verse, verse; chapter:verse ...  (verse 0 = psalm title)

Gen 1:26, 27; 2:5, 7, 8, 15, 16, 18, 22, 23, 24, 25; 3:1, 2, 4, 6, 8, 12, 13, 15, 16, 17, 20, 21, 22, 24; 4:1, 2, 8, 9, 10, 11, 12, 14, 17, 19, 20, 21, 22, 23, 25, 26; 5:1, 3, 4, 7, 10, 13, 16, 19, 22, 26, 28, 30; 6:1, 2, 3, 4, 5, 6, 7, 9, 10, 18; 7:1, 3, 7, 13, 21, 23; 8:16, 18, 21; 9:1, 5, 6, 8, 9, 18, 19, 20, 22, 23, 24, 25, 26, 27; 10:1, 2, 3, 4, 5, 6, 7, 9, 15, 18, 20, 21, 22, 23, 25, 29, 31, 32; 11:5, 6, 11, 13, 15, 17, 19, 21, 23, 25, 28, 29, 30, 31; 12:1, 2, 3, 5, 7, 11, 12, 13, 14, 15, 16, 17, 18, 19, 20; 13:1, 7, 8, 13, 15, 16; 14:1, 2, 5, 8, 9, 10, 12, 13, 14, 15, 16, 17, 18, 19, 20, 21, 22, 24; 15:2, 3, 4, 5, 13, 14, 15, 18; 16:1, 2, 3, 4, 5, 6, 8, 9, 10, 11, 12, 15; 17:4, 5, 6, 7, 8, 9, 10, 12, 13, 14, 15, 16, 17, 19, 20, 23, 25, 26, 27; 18:3, 5, 7, 9, 10, 11, 12, 13, 14, 16, 18, 19, 22, 23, 24, 25, 26, 28; 19:2, 4, 5, 7, 8, 9, 10, 11, 12, 14, 15, 16, 18, 19, 25, 26, 30, 31, 32, 33, 34, 35, 36, 37, 38; 20:2, 3, 4, 5, 7, 8, 11, 12, 13, 14, 16, 17, 18; 21:2, 3, 4, 5, 7, 8, 9, 10, 11, 12, 13, 14, 15, 16, 17, 18, 19, 20, 21, 22, 23, 25, 32; 22:2, 3, 5, 6, 7, 8, 9, 10, 12, 13, 16, 17, 18, 19, 20, 21, 23, 24; 23:3, 4, 5, 6, 7, 8, 10, 11, 12, 13, 15, 16, 18, 19, 20; 24:2, 3, 4, 5, 6, 7, 8, 9, 10, 11, 12, 13, 14, 15, 16, 17, 18, 21, 22, 23, 24, 26, 27, 28, 29, 30, 32, 34, 35, 36, 37, 38, 39, 40, 41, 42, 43, 44, 47, 48, 49, 51, 52, 53, 54, 55, 56, 57, 58, 59, 60, 61, 65, 66, 67; 25:1, 3, 4, 6, 8, 9, 10, 11, 12, 13, 16, 17, 18, 19, 20, 21, 22, 23, 24, 26, 27; 26:1, 3, 4, 7, 8, 9, 10, 11, 13, 14, 15, 18, 19, 20, 24, 25, 26, 32, 34; 27:1, 5, 6, 8, 9, 10, 11, 12, 13, 14, 15, 17, 18, 19, 20, 21, 22, 23, 24, 25, 26, 27, 29, 30, 31, 32, 34, 35, 37, 38, 39, 40, 41, 42, 43, 44, 45, 46; 28:1, 2, 3, 4, 5, 6, 7, 8, 9, 13, 14, 21; 29:1, 4, 5, 6, 9, 10, 12, 13, 15, 16, 18, 19, 21, 22, 23, 24, 26, 28, 29, 32, 33, 34, 35; 30:1, 3, 4, 5, 6, 7, 8, 9, 10, 11, 12, 13, 14, 15, 16, 17, 18, 19, 20, 21, 23, 24, 26, 30, 35, 43; 31:1, 3, 5, 6, 7, 9, 13, 14, 15, 16, 17, 18, 19, 23, 25, 26, 28, 29, 30, 31, 32, 33, 35, 37, 41, 42, 43, 46, 50, 53, 54, 55; 32:2, 3, 4, 5, 6, 7, 9, 10, 11, 12, 13, 16, 17, 18, 20, 22, 28, 32; 33:1, 2, 3, 5, 6, 7, 8, 9, 13, 14, 15, 19; 34:1, 2, 3, 4, 5, 6, 7, 8, 9, 11, 12, 13, 14, 16, 17, 18, 19, 20, 21, 22, 24, 25, 26, 27, 29, 30, 31; 35:1, 2, 5, 6, 7, 8, 11, 12, 17, 18, 22, 23, 24, 25, 26, 27, 29; 36:2, 3, 5, 6, 7, 9, 10, 11, 12, 13, 14, 15, 16, 17, 18, 19, 20, 21, 22, 23, 24, 25, 26, 27, 28, 29, 30, 31, 32, 33, 35, 38, 39, 40, 41, 42, 43; 37:1, 2, 3, 4, 5, 8, 9, 10, 11, 12, 13, 14, 15, 16, 17, 19, 22, 23, 26, 27, 28, 30, 32, 33, 34, 35, 36; 38:1, 2, 3, 4, 5, 6, 7, 8, 9, 11, 12, 13, 14, 15, 16, 19, 20, 21, 22, 24, 25, 26, 27, 28, 29, 30; 39:1, 2, 3, 4, 5, 6, 7, 8, 9, 11, 14, 16, 17, 19, 20, 21, 22, 23; 40:1, 2, 3, 4, 5, 7, 8, 9, 13, 16, 20, 21, 22, 23; 41:8, 9, 10, 11, 12, 24, 33, 34, 37, 38, 40, 43, 44, 45, 46, 50, 51, 55, 57; 42:1, 3, 4, 5, 6, 7, 8, 9, 10, 11, 13, 14, 15, 16, 19, 20, 21, 22, 23, 25, 28, 29, 30, 31, 32, 33, 34, 35, 36, 37, 38; 43:2, 3, 4, 5, 6, 7, 8, 11, 13, 14, 15, 16, 17, 18, 19, 20, 21, 23, 24, 27, 28, 29, 30, 33; 44:1, 2, 3, 4, 5, 7, 8, 9, 10, 11, 12, 13, 14, 15, 16, 17, 18, 19, 20, 21, 22, 23, 24, 25, 26, 27, 30, 31, 32, 33, 34; 45:1, 2, 3, 4, 7, 8, 9, 10, 11, 12, 13, 14, 15, 16, 17, 18, 19, 21, 22, 23, 24, 25, 26, 27, 28; 46:1, 3, 5, 6, 7, 8, 9, 10, 11, 12, 13, 14, 15, 16, 17, 18, 19, 20, 21, 22, 23, 24, 25, 26, 27, 29, 31, 32, 34; 47:1, 2, 3, 4, 5, 6, 7, 9, 11, 12, 14, 18, 19, 20, 21, 22, 23, 24, 25, 26, 29, 30; 48:1, 2, 4, 5, 6, 8, 9, 11, 14, 15, 16, 17, 18, 19, 21, 22; 49:1, 2, 3, 4, 5, 6, 8, 9, 10, 15, 16, 17, 19, 23, 24, 25, 26, 28, 29, 31, 32, 33; 50:1, 2, 4, 5, 6, 7, 8, 9, 10, 11, 12, 13, 14, 15, 16, 17, 18, 20, 21, 22, 23, 24, 25
Exod 1:1, 5, 6, 7, 8, 9, 10, 11, 12, 13, 15, 16, 17, 18, 19, 20, 21, 22; 2:1, 2, 3, 4, 5, 6, 7, 8, 9, 10, 11, 12, 13, 14, 16, 17, 18, 19, 20, 21, 22, 23, 25; 3:1, 6, 7, 9, 10, 11, 12, 13, 14, 15, 16, 18, 19, 21, 22; 4:5, 10, 11, 14, 16, 18, 19, 20, 21, 22, 23, 25, 26, 29, 30, 31; 5:1, 4, 5, 6, 7, 9, 10, 12, 13, 14, 15, 16, 19, 21, 22, 23; 6:4, 5, 6, 7, 9, 11, 12, 13, 14, 15, 16, 17, 18, 19, 20, 21, 22, 23, 24, 25, 26, 27, 29; 7:1, 2, 4, 5, 10, 11, 12, 14, 16, 20, 22; 8:1, 3, 4, 7, 8, 9, 11, 17, 18, 19, 20, 21, 22, 23, 24, 29, 31, 32; 9:1, 4, 6, 7, 9, 10, 11, 13, 14, 15, 17, 19, 20, 21, 22, 24, 25, 26, 27, 30, 34, 35; 10:1, 2, 3, 4, 6, 7, 9, 10, 11, 20, 23, 24; 11:2, 3, 5, 7, 8, 10; 12:3, 4, 6, 12, 15, 16, 17, 19, 21, 23, 24, 26, 27, 28, 29, 30, 31, 33, 34, 35, 36, 37, 40, 41, 42, 43, 44, 45, 47, 48, 49, 50, 51; 13:2, 3, 5, 8, 11, 12, 13, 14, 15, 17, 18, 19, 22; 14:2, 3, 4, 5, 6, 7, 8, 9, 10, 13, 15, 16, 17, 18, 22, 23, 24, 26, 28, 29, 31; 15:1, 2, 3, 4, 6, 9, 13, 14, 15, 16, 19, 20, 21, 24; 16:1, 2, 3, 4, 6, 9, 10, 12, 13, 15, 16, 17, 18, 19, 21, 22, 27, 29, 30, 31, 35; 17:1, 2, 3, 4, 5, 6, 7, 9, 13; 18:1, 2, 3, 4, 5, 6, 7, 8, 10, 12, 13, 14, 15, 17, 18, 19, 21, 22, 23, 24, 25, 26, 27; 19:1, 3, 5, 6, 7, 8, 9, 10, 11, 12, 13, 14, 15, 16, 17, 21, 22, 23, 24, 25; 20:5, 10, 12, 16, 17, 18, 20, 21, 22; 21:2, 3, 4, 5, 6, 7, 8, 9, 10, 12, 13, 14, 15, 16, 17, 18, 20, 22, 26, 27, 28, 29, 31, 32, 33, 34, 35, 36; 22:1, 2, 5, 7, 8, 9, 10, 11, 12, 14, 15, 16, 17, 18, 21, 22, 24, 25, 26, 28, 29, 31; 23:1, 3, 4, 6, 7, 8, 9, 11, 12, 17, 19, 22, 26, 27, 31; 24:1, 2, 3, 4, 5, 7, 8, 9, 11, 13, 14, 17; 25:2, 22; 27:20, 21; 28:1, 2, 3, 4, 9, 11, 12, 21, 29, 30, 38, 40, 41, 43; 29:1, 4, 8, 9, 10, 11, 15, 19, 20, 21, 24, 27, 28, 29, 30, 32, 33, 35, 42, 43, 44, 45; 30:12, 15, 16, 18, 19, 20, 21, 25, 26, 30, 31, 32, 33, 35, 36, 38; 31:2, 6, 7, 10, 13, 14, 16, 17; 32:1, 2, 3, 6, 7, 9, 10, 11, 12, 13, 14, 17, 20, 21, 22, 23, 25, 26, 27, 28, 29, 30, 31, 34, 35; 33:1, 3, 4, 5, 6, 7, 8, 10, 11, 12, 13, 16, 20; 34:3, 7, 9, 10, 12, 15, 16, 20, 23, 24, 26, 30, 31, 32, 34, 35; 35:1, 4, 19, 20, 21, 22, 23, 24, 25, 26, 27, 29, 30, 34, 35; 36:1, 2, 3, 4, 5, 6, 8; 38:8, 21, 22, 23, 25, 26, 30; 39:6, 7, 14, 27, 32, 40, 41, 42; 40:2, 6, 7, 12, 13, 14, 15, 22, 24, 26, 29, 30, 31, 32, 34, 35, 36, 38
Lev 1:1, 2, 3, 5, 7, 8, 9, 11, 12, 13, 15, 17; 2:2, 3, 8, 9, 10, 16; 3:2, 5, 8, 11, 13, 16; 4:2, 3, 4, 5, 6, 7, 10, 13, 14, 15, 16, 17, 18, 20, 21, 22, 25, 26, 27, 30, 31, 34, 35; 5:1, 2, 3, 4, 6, 8, 10, 12, 13, 15, 16, 17, 18; 6:2, 3, 6, 7, 9, 10, 12, 14, 16, 18, 20, 22, 23, 25, 26, 29, 30; 7:5, 6, 7, 8, 9, 10, 14, 18, 20, 21, 23, 25, 27, 29, 31, 32, 33, 34, 35, 36, 38; 8:2, 3, 4, 5, 6, 13, 14, 18, 22, 24, 27, 30, 31, 33, 35, 36; 9:1, 3, 5, 7, 9, 12, 15, 18, 22, 23, 24; 10:1, 3, 4, 6, 7, 9, 11, 12, 13, 14, 15, 16, 17; 11:2; 12:2, 5, 6, 8; 13:2, 3, 4, 5, 6, 7, 8, 9, 10, 11, 12, 13, 15, 16, 17, 19, 20, 21, 22, 23, 25, 26, 27, 28, 29, 30, 31, 32, 33, 34, 36, 37, 38, 39, 40, 43, 44, 45, 49, 50, 53, 54, 55, 56; 14:2, 3, 4, 5, 11, 12, 13, 14, 15, 16, 17, 18, 19, 20, 23, 24, 25, 26, 27, 28, 29, 31, 35, 36, 38, 39, 40, 44, 48; 15:2, 14, 15, 16, 18, 19, 24, 25, 29, 30, 31, 33; 16:1, 2, 5, 6, 7, 11, 15, 16, 17, 19, 20, 21, 23, 24, 29, 30, 32, 33, 34; 17:2, 3, 4, 5, 6, 8, 9, 10, 12, 13, 14, 15; 18:2, 5, 6, 7, 8, 9, 10, 11, 12, 13, 14, 15, 16, 17, 18, 19, 20, 21, 22, 23, 24, 25, 26, 27, 28, 29; 19:2, 3, 8, 10, 13, 14, 15, 16, 17, 18, 20, 21, 22, 28, 29, 31, 32, 33, 34; 20:2, 3, 4, 5, 6, 9, 10, 11, 12, 13, 14, 15, 16, 17, 18, 19, 20, 21, 23, 24, 26, 27; 21:1, 2, 3, 4, 7, 9, 10, 11, 13, 14, 15, 17, 18, 19, 21, 24; 22:2, 3, 4, 5, 6, 10, 11, 12, 13, 14, 15, 18, 25, 32; 23:2, 10, 11, 20, 22, 24, 29, 30, 34, 36, 43, 44; 24:2, 3, 8, 9, 10, 11, 14, 15, 16, 17, 19, 20, 21, 22, 23; 25:2, 6, 10, 13, 14, 15, 23, 25, 26, 27, 29, 33, 35, 36, 39, 40, 41, 42, 44, 45, 46, 47, 48, 49, 50, 53, 54, 55; 26:7, 8, 12, 13, 16, 17, 22, 25, 26, 29, 32, 33, 34, 36, 37, 38, 39, 40, 41, 44, 45, 46; 27:2, 8, 9, 11, 12, 14, 16, 18, 20, 21, 22, 23, 26, 28, 29, 31, 34
Num 1:1, 2, 3, 4, 5, 6, 7, 8, 9, 10, 11, 12, 13, 14, 15, 16, 17, 18, 20, 21, 22, 23, 24, 25, 26, 27, 28, 29, 30, 31, 32, 33, 34, 35, 36, 37, 38, 39, 40, 41, 42, 43, 44, 45, 47, 49, 51, 52, 53, 54; 2:2, 3, 4, 5, 6, 7, 8, 9, 10, 11, 12, 13, 14, 15, 16, 17, 18, 19, 20, 21, 22, 23, 24, 25, 26, 27, 28, 29, 30, 32, 33, 34; 3:2, 3, 4, 6, 7, 8, 9, 10, 12, 13, 15, 17, 18, 19, 20, 21, 22, 23, 24, 25, 27, 28, 29, 30, 32, 33, 34, 35, 36, 38, 39, 40, 41, 42, 43, 45, 46, 48, 50, 51; 4:2, 3, 4, 5, 15, 16, 18, 19, 22, 23, 24, 25, 27, 28, 29, 30, 31, 33, 34, 35, 36, 37, 38, 39, 40, 41, 42, 43, 44, 45, 46, 47; 5:2, 4, 6, 8, 9, 10, 12, 13, 14, 15, 16, 17, 18, 19, 20, 21, 22, 23, 24, 25, 26, 27, 28, 29, 30, 31; 6:2, 7, 9, 10, 11, 13, 16, 17, 18, 19, 20, 23, 27; 7:2, 3, 5, 7, 8, 9, 10, 11, 12, 17, 18, 23, 24, 29, 30, 35, 36, 41, 42, 47, 48, 53, 54, 59, 60, 65, 66, 71, 72, 77, 78, 83, 84, 89; 8:6, 9, 10, 11, 13, 14, 15, 16, 17, 18, 19, 20, 22, 24, 26; 9:2, 4, 5, 6, 7, 10, 13, 14, 17, 18, 19, 22; 10:2, 3, 4, 7, 8, 9, 12, 14, 15, 16, 17, 18, 19, 20, 22, 23, 24, 25, 26, 27, 28, 29, 30, 35; 11:1, 2, 4, 8, 10, 11, 12, 13, 14, 16, 17, 18, 21, 24, 25, 26, 27, 28, 29, 30, 32, 33, 34, 35; 12:1, 3, 4, 6, 7, 8, 11, 12, 14, 15, 16; 13:2, 3, 4, 5, 6, 7, 8, 9, 10, 11, 12, 13, 14, 15, 16, 18, 21, 22, 24, 26, 28, 30, 31, 32, 33; 14:1, 2, 3, 4, 5, 6, 7, 9, 10, 11, 12, 13, 14, 15, 16, 18, 19, 22, 23, 24, 27, 30, 31, 33, 35, 36, 37, 38, 39, 42; 15:2, 14, 15, 16, 18, 24, 25, 26, 27, 28, 29, 30, 31, 32, 33, 35, 36, 38; 16:1, 2, 3, 7, 8, 9, 10, 12, 13, 14, 17, 18, 19, 21, 22, 24, 25, 26, 27, 29, 30, 32, 33, 35, 37, 38, 39, 40, 41, 42, 43, 45, 46, 47, 48, 50; 17:2, 3, 4, 5, 6, 8, 9, 10, 12; 18:1, 2, 4, 5, 6, 7, 8, 9, 11, 13, 15, 19, 20, 21, 22, 23, 24, 26, 28, 31, 32; 19:2, 3, 4, 6, 7, 9, 10, 11, 13, 14, 16, 17, 18, 19, 20, 22; 20:1, 2, 3, 4, 6, 8, 10, 11, 12, 13, 14, 15, 17, 19, 20, 22, 24, 25, 26, 27, 28, 29; 21:1, 2, 4, 5, 6, 7, 9, 10, 16, 18, 21, 22, 23, 24, 26, 28, 29, 33, 34, 35; 22:1, 2, 3, 4, 5, 6, 7, 8, 9, 10, 11, 12, 13, 14, 15, 16, 17, 18, 20, 21, 22, 35, 40, 41; 23:6, 7, 9, 10, 11, 17, 18, 19, 21, 24; 24:2, 3, 7, 8, 10, 12, 14, 15, 17, 18, 20; 25:1, 2, 4, 5, 6, 7, 8, 11, 13, 14, 15, 18; 26:1, 2, 3, 4, 5, 6, 7, 8, 9, 10, 11, 12, 13, 14, 15, 16, 17, 18, 19, 20, 21, 22, 23, 24, 25, 26, 27, 28, 29, 30, 31, 32, 33, 34, 35, 36, 37, 38, 39, 40, 41, 42, 43, 44, 45, 46, 47, 48, 49, 50, 51, 55, 57, 58, 59, 62, 63, 64, 65; 27:1, 2, 3, 4, 7, 8, 9, 10, 11, 12, 13, 14, 16, 17, 18, 19, 20, 21, 22; 28:2; 29:35, 40; 30:1, 2, 3, 4, 5, 6, 7, 8, 9, 10, 11, 12, 13, 14, 16; 31:2, 3, 4, 5, 6, 7, 8, 9, 11, 12, 13, 14, 15, 16, 17, 18, 19, 21, 26, 27, 28, 29, 30, 31, 32, 35, 40, 41, 42, 43, 46, 47, 48, 49, 50, 51, 52, 53, 54; 32:1, 2, 4, 5, 6, 7, 8, 9, 11, 12, 14, 15, 16, 17, 18, 21, 24, 25, 26, 27, 28, 29, 31, 33, 34, 37, 39, 40, 41; 33:1, 3, 4, 5, 14, 38, 40, 51, 52, 53, 54, 55; 34:2, 13, 14, 15, 17, 18, 19, 20, 21, 22, 23, 24, 25, 26, 27, 28, 29; 35:2, 6, 8, 10, 11, 12, 15, 16, 17, 18, 19, 21, 23, 24, 25, 26, 27, 28, 30, 31, 32, 34; 36:1, 2, 3, 4, 5, 6, 7, 8, 9, 10, 11, 12, 13
Deut 1:3, 4, 8, 11, 13, 15, 16, 17, 21, 22, 23, 28, 31, 35, 36, 38, 39, 41, 42; 2:4, 8, 9, 10, 11, 12, 14, 15, 16, 19, 20, 21, 22, 24, 25, 26, 29, 30, 32, 33, 34, 37; 3:1, 2, 3, 6, 8, 11, 13, 14, 16, 18, 19, 20, 21, 24, 28; 4:1, 3, 6, 7, 8, 9, 10, 19, 20, 25, 27, 28, 31, 32, 33, 34, 37, 38, 40, 42, 44, 45, 46, 47; 5:3, 9, 14, 15, 16, 20, 21, 22, 23, 24, 28, 29; 6:2, 3, 7, 10, 14, 18, 19, 20, 21, 22, 23; 7:1, 3, 4, 6, 7, 8, 12, 13, 14, 16, 17, 19, 22, 24; 8:1, 3, 5, 16, 18, 20; 9:1, 2, 4, 5, 6, 10, 12, 13, 14, 26, 27, 29; 10:4, 6, 8, 9, 11, 15, 17, 18, 19, 22; 11:2, 3, 4, 6, 9, 19, 21, 23, 25; 12:1, 2, 5, 7, 8, 10, 12, 14, 18, 25, 28, 29, 30, 31; 13:1, 3, 5, 6, 7, 9, 13, 15, 17; 14:1, 2, 21, 26, 29; 15:2, 3, 4, 6, 7, 9, 11, 12, 15, 16, 17, 18, 20, 22; 16:8, 11, 12, 14, 16, 17, 18, 19; 17:2, 5, 6, 7, 9, 12, 13, 14, 15, 16, 17, 18, 20; 18:1, 2, 3, 5, 7, 9, 10, 11, 14, 15, 16, 18, 20, 22; 19:1, 3, 4, 5, 6, 8, 11, 12, 14, 15, 16, 17, 18, 19; 20:1, 2, 3, 4, 5, 6, 7, 8, 9, 11, 14, 15, 16, 19; 21:2, 3, 4, 5, 6, 8, 10, 11, 13, 15, 16, 17, 18, 19, 20, 21, 22; 22:1, 2, 3, 4, 5, 8, 13, 14, 15, 16, 17, 18, 19, 20, 21, 22, 23, 24, 25, 26, 27, 28, 29, 30; 23:1, 2, 3, 4, 7, 8, 9, 10, 14, 15, 17, 18, 19, 20, 24, 25; 24:1, 2, 3, 4, 5, 6, 7, 8, 10, 11, 12, 14, 16, 17, 18, 19, 20, 21, 22; 25:1, 2, 3, 5, 6, 7, 8, 9, 11, 19; 26:3, 4, 5, 7, 11, 12, 13, 14, 15, 18, 19; 27:1, 3, 9, 11, 12, 14, 15, 16, 17, 18, 19, 20, 21, 22, 23, 24, 25, 26; 28:1, 7, 9, 10, 11, 12, 25, 26, 29, 30, 31, 32, 33, 36, 37, 41, 43, 46, 48, 49, 50, 53, 54, 55, 56, 57, 59, 64, 65, 68; 29:1, 2, 7, 8, 10, 11, 13, 16, 18, 20, 21, 22, 24, 25, 29; 30:1, 2, 3, 5, 6, 7, 9, 19, 20; 31:3, 4, 7, 9, 12, 13, 14, 16, 19, 20, 21, 22, 23, 28, 30; 32:5, 6, 7, 8, 9, 17, 19, 20, 21, 25, 26, 27, 28, 31, 36, 41, 42, 43, 44, 46, 49, 50, 51, 52; 33:1, 2, 3, 4, 5, 6, 7, 9, 12, 16, 17, 19, 21, 24, 27, 29; 34:4, 5, 6, 8, 9, 10, 11
Josh 1:1, 2, 5, 6, 7, 10, 11, 12, 13, 14, 15; 2:1, 2, 3, 4, 5, 7, 9, 10, 11, 12, 13, 14, 16, 17, 18, 22, 23, 24; 3:1, 2, 3, 5, 6, 8, 9, 12, 13, 14, 15, 16, 17; 4:1, 2, 3, 4, 5, 6, 7, 8, 9, 10, 11, 12, 16, 17, 18, 19, 21, 22, 24; 5:1, 2, 3, 4, 5, 6, 7, 8, 10, 12, 13, 14, 15; 6:1, 2, 3, 4, 5, 6, 7, 8, 9, 10, 12, 13, 16, 17, 20, 21, 22, 23, 25, 26; 7:1, 2, 3, 4, 5, 6, 7, 8, 9, 12, 13, 14, 16, 17, 18, 19, 22, 23, 24; 8:1, 2, 3, 5, 9, 10, 11, 12, 13, 14, 16, 17, 20, 21, 23, 24, 25, 26, 29, 31, 32, 33, 35; 9:1, 3, 4, 6, 7, 8, 9, 10, 11, 14, 15, 16, 17, 18, 19, 21, 23, 24, 26, 27; 10:1, 2, 3, 4, 5, 6, 7, 8, 11, 12, 13, 14, 16, 17, 18, 19, 20, 21, 22, 23, 24, 25, 28, 30, 32, 33, 35, 37, 39, 40, 42; 11:1, 2, 4, 5, 7, 10, 11, 12, 14, 15, 17, 18, 19, 22, 23; 12:1, 2, 4, 5, 6, 7, 9, 10, 11, 12, 13, 14, 15, 16, 17, 18, 19, 20, 21, 22, 23, 24; 13:3, 6, 7, 8, 10, 12, 13, 14, 15, 21, 22, 23, 24, 25, 27, 28, 29, 30, 31, 32, 33; 14:1, 2, 3, 4, 5, 6, 7, 8, 9, 10, 13, 14, 15; 15:1, 6, 8, 12, 13, 14, 15, 16, 17, 18, 20, 21, 63; 16:1, 4, 5, 8, 9; 17:1, 2, 3, 4, 6, 7, 8, 11, 12, 13, 14, 15, 16, 17; 18:1, 2, 3, 4, 5, 7, 8, 9, 10, 11, 14, 16, 17, 20, 21, 28; 19:1, 8, 9, 10, 16, 17, 23, 24, 31, 32, 39, 40, 47, 48, 49, 51; 20:2, 3, 4, 5, 6, 8, 9; 21:1, 3, 4, 5, 6, 7, 8, 9, 10, 11, 12, 13, 16, 17, 19, 20, 21, 23, 25, 26, 27, 28, 30, 32, 33, 34, 36, 38, 40, 41, 43, 44, 45; 22:1, 2, 3, 4, 5, 7, 8, 9, 10, 11, 12, 13, 14, 15, 16, 17, 18, 20, 21, 24, 25, 27, 28, 30, 31, 32, 33, 34; 23:1, 2, 3, 4, 7, 9, 10, 12, 13; 24:1, 2, 3, 4, 6, 9, 11, 12, 14, 15, 16, 17, 18, 19, 21, 22, 24, 25, 27, 28, 29, 31, 32, 33
Judg 1:1, 3, 4, 7, 8, 9, 11, 12, 13, 14, 16, 17, 19, 20, 21, 22, 23, 24, 25, 26, 27, 30, 31, 32, 33, 34, 35; 2:1, 2, 4, 6, 7, 8, 10, 11, 12, 14, 16, 17, 18, 19, 20, 21, 22, 23; 3:1, 2, 3, 4, 5, 6, 7, 8, 9, 10, 11, 12, 13, 14, 15, 17, 18, 19, 24, 25, 27, 28, 29, 31; 4:1, 2, 3, 4, 5, 6, 7, 9, 10, 11, 12, 13, 14, 15, 16, 17, 18, 20, 21, 22, 23, 24; 5:1, 2, 3, 6, 7, 9, 11, 12, 13, 14, 15, 18, 19, 23, 24, 26, 28, 29, 30, 31; 6:1, 2, 3, 6, 7, 8, 11, 12, 13, 15, 16, 25, 27, 28, 29, 30, 33, 35; 7:1, 2, 3, 4, 5, 6, 7, 8, 9, 10, 11, 12, 13, 14, 15, 16, 19, 20, 21, 22, 23, 24, 25; 8:1, 3, 4, 5, 6, 8, 9, 10, 11, 12, 13, 14, 15, 16, 17, 18, 19, 20, 21, 22, 23, 24, 25, 26, 27, 28, 29, 30, 31, 32, 33, 34, 35; 9:1, 2, 3, 4, 5, 6, 7, 8, 9, 13, 15, 16, 17, 18, 19, 20, 21, 23, 24, 25, 26, 28, 29, 30, 31, 32, 33, 34, 35, 36, 37, 38, 39, 41, 42, 43, 44, 45, 46, 47, 48, 49, 51, 53, 54, 55, 56, 57; 10:1, 4, 6, 7, 8, 9, 10, 11, 15, 17, 18; 11:1, 2, 3, 4, 5, 6, 7, 8, 9, 10, 11, 12, 13, 14, 15, 17, 19, 20, 21, 23, 25, 27, 28, 29, 30, 31, 32, 33, 34, 35, 36, 37, 38, 39, 40; 12:1, 2, 3, 4, 5, 9, 13, 14, 15; 13:1, 2, 3, 5, 6, 7, 8, 9, 10, 11, 12, 13, 19, 20, 21, 22, 23, 24; 14:1, 2, 3, 4, 5, 6, 7, 9, 10, 11, 14, 15, 16, 17, 18, 19, 20; 15:1, 2, 6, 10, 11, 15, 16, 18; 16:1, 4, 5, 7, 8, 9, 11, 12, 17, 18, 19, 23, 24, 26, 27, 30, 31; 17:1, 2, 3, 4, 5, 6, 7, 8, 10, 11, 12, 13; 18:1, 2, 3, 4, 6, 7, 8, 10, 11, 14, 15, 16, 17, 18, 19, 20, 21, 22, 23, 24, 25, 26, 27, 28, 29, 30; 19:1, 2, 3, 4, 5, 6, 7, 8, 9, 10, 11, 12, 13, 15, 16, 17, 18, 19, 20, 22, 23, 24, 25, 26, 27, 28, 29, 30; 20:1, 2, 3, 4, 5, 6, 7, 8, 10, 11, 12, 13, 14, 15, 16, 17, 18, 19, 20, 21, 22, 23, 24, 25, 26, 27, 28, 29, 30, 31, 32, 33, 34, 35, 36, 37, 38, 39, 41, 42, 44, 45, 46, 47, 48; 21:1, 2, 3, 4, 5, 6, 7, 8, 9, 10, 11, 12, 13, 14, 15, 16, 17, 18, 20, 21, 22, 23, 24, 25
Ruth 1:1, 2, 3, 4, 5, 6, 7, 8, 9, 10, 11, 12, 13, 14, 15, 16, 22; 2:1, 2, 3, 4, 5, 6, 7, 8, 9, 10, 11, 13, 14, 15, 18, 19, 20, 21, 22, 23; 3:1, 2, 3, 6, 8, 9, 10, 11, 12, 13, 14, 16, 17, 18; 4:1, 2, 3, 4, 5, 6, 7, 8, 9, 10, 11, 12, 13, 14, 15, 16, 17
1Sam 1:1, 2, 3, 4, 6, 8, 9, 11, 15, 16, 18, 19, 20, 21, 22, 23, 24, 25, 26, 27; 2:1, 4, 5, 8, 9, 10, 11, 12, 13, 14, 15, 16, 17, 18, 19, 20, 21, 22, 23, 24, 25, 26, 27, 28, 29, 30, 31, 32, 33, 34, 35, 36; 3:1, 6, 8, 9, 10, 12, 13, 14, 16, 20; 4:2, 3, 4, 9, 10, 11, 12, 13, 14, 16, 17, 18, 19, 20, 21; 5:5, 7, 8, 9, 10, 11, 12; 6:2, 4, 6, 10, 12, 15, 16, 18, 19, 20, 21; 7:1, 2, 3, 4, 6, 7, 8, 11; 8:1, 2, 3, 4, 5, 6, 7, 9, 10, 11, 12, 13, 14, 15, 16, 17, 18, 19, 20, 21, 22; 9:1, 2, 3, 5, 6, 7, 8, 9, 10, 11, 12, 13, 16, 17, 18, 19, 20, 21, 22, 23, 24, 27; 10:1, 2, 3, 5, 6, 10, 11, 12, 14, 17, 18, 19, 20, 21, 22, 23, 24, 25, 26, 27; 11:1, 3, 4, 5, 7, 8, 9, 10, 11, 12, 13, 14, 15; 12:1, 2, 3, 4, 5, 6, 7, 8, 9, 10, 11, 12, 13, 14, 15, 17, 18, 19, 20, 22, 25; 13:2, 3, 4, 5, 6, 7, 8, 11, 14, 15, 16, 17, 19, 20, 22, 23; 14:1, 2, 3, 4, 6, 7, 8, 11, 12, 13, 14, 15, 16, 17, 18, 19, 20, 22, 24, 26, 27, 28, 29, 30, 31, 32, 33, 34, 36, 38, 39, 40, 41, 42, 45, 47, 48, 49, 50, 51, 52; 15:1, 3, 4, 6, 8, 9, 11, 15, 17, 18, 20, 21, 23, 24, 26, 28, 29, 30, 32, 33, 35; 16:1, 4, 5, 7, 10, 11, 13, 15, 16, 17, 18, 19, 20, 21; 17:1, 2, 4, 7, 8, 9, 10, 12, 13, 14, 15, 17, 18, 19, 20, 21, 22, 23, 24, 25, 26, 27, 28, 30, 32, 33, 34, 36, 40, 41, 42, 45, 46, 47, 48, 51, 52, 53, 55, 56, 58; 18:2, 5, 6, 7, 13, 17, 18, 19, 20, 21, 22, 23, 24, 25, 26, 27, 28, 29, 30; 19:1, 2, 3, 4, 11, 14, 15, 16, 17, 20, 21, 24; 20:1, 2, 3, 5, 6, 7, 8, 9, 10, 12, 13, 15, 16, 21, 22, 24, 25, 27, 29, 30, 31, 32, 33, 34, 35, 36, 37, 38, 39, 40, 41, 42; 21:1, 2, 4, 5, 6, 7, 8, 9, 10, 11, 12, 14, 15; 22:1, 2, 3, 4, 5, 6, 7, 8, 9, 11, 12, 13, 14, 15, 16, 17, 18, 19, 20, 21, 22; 23:3, 5, 6, 8, 9, 10, 11, 12, 13, 16, 17, 20, 24, 25, 26, 27; 24:2, 3, 4, 6, 7, 8, 9, 10, 11, 13, 14, 15, 16, 19, 20, 21, 22; 25:2, 3, 5, 6, 7, 8, 9, 10, 11, 12, 13, 14, 15, 17, 19, 20, 21, 22, 24, 25, 26, 27, 28, 29, 30, 31, 35, 36, 37, 39, 40, 41, 42, 43, 44; 26:2, 4, 5, 6, 7, 8, 12, 14, 15, 16, 17, 18, 19, 20, 21, 22, 23, 25; 27:2, 3, 5, 6, 8, 9, 11, 12; 28:1, 2, 3, 5, 6, 7, 8, 9, 11, 12, 13, 14, 15, 16, 17, 19, 21, 22, 23, 24, 25; 29:1, 2, 3, 4, 6, 7, 8, 9, 10, 11; 30:1, 2, 3, 4, 5, 6, 7, 8, 9, 10, 13, 15, 17, 18, 19, 21, 22, 23, 26, 31; 31:1, 2, 3, 4, 5, 6, 7, 8, 9, 11, 12
2Sam 1:2, 4, 5, 6, 10, 11, 12, 13, 15, 17, 18, 20, 24, 26; 2:2, 3, 4, 5, 7, 8, 9, 10, 11, 12, 13, 14, 15, 16, 17, 18, 21, 22, 25, 26, 27, 28, 29, 30, 31, 32; 3:1, 2, 3, 4, 5, 6, 7, 8, 10, 12, 13, 14, 15, 16, 17, 18, 19, 20, 21, 22, 23, 24, 25, 26, 27, 28, 29, 30, 31, 32, 33, 34, 35, 36, 37, 38, 39; 4:1, 2, 3, 4, 5, 6, 8, 9, 11, 12; 5:1, 2, 3, 6, 8, 11, 12, 13, 17, 20, 21, 24; 6:1, 2, 3, 5, 11, 12, 15, 16, 18, 19, 20, 21, 22, 23; 7:1, 2, 3, 5, 6, 7, 8, 9, 10, 11, 12, 14, 16, 18, 19, 20, 21, 23, 24, 25, 26, 27, 28, 29; 8:2, 3, 4, 5, 6, 7, 8, 9, 10, 11, 12, 13, 14, 15, 16, 17, 18; 9:1, 2, 3, 4, 5, 6, 7, 8, 9, 10, 11, 12, 13; 10:1, 2, 3, 4, 5, 6, 7, 8, 9, 10, 11, 12, 13, 14, 16, 18, 19; 11:1, 2, 3, 4, 5, 7, 8, 9, 11, 13, 16, 17, 19, 20, 21, 22, 23, 24, 25, 26, 27; 12:1, 2, 3, 4, 5, 7, 8, 9, 10, 11, 14, 15, 16, 17, 18, 19, 21, 22, 24, 25, 26, 27, 28, 29, 30, 31; 13:1, 2, 3, 4, 5, 6, 7, 8, 9, 10, 11, 12, 13, 17, 18, 20, 21, 22, 23, 24, 25, 26, 27, 28, 29, 30, 31, 32, 33, 34, 35, 36, 37, 39; 14:1, 2, 3, 4, 5, 6, 7, 8, 9, 10, 11, 12, 13, 14, 15, 16, 17, 18, 19, 20, 21, 22, 24, 26, 27, 28, 29, 30, 31, 32, 33; 15:1, 2, 3, 4, 5, 6, 7, 8, 9, 10, 11, 12, 13, 14, 15, 16, 17, 18, 19, 20, 21, 22, 23, 24, 25, 27, 30, 31, 34, 35, 36, 37; 16:1, 2, 3, 4, 5, 6, 7, 8, 9, 10, 11, 13, 14, 15, 16, 17, 18, 19, 21, 22, 23; 17:1, 2, 3, 4, 8, 9, 10, 11, 12, 14, 15, 16, 17, 18, 19, 20, 21, 22, 23, 24, 25, 27, 29; 18:1, 2, 3, 4, 5, 6, 7, 8, 9, 10, 11, 12, 13, 15, 16, 18, 19, 20, 21, 22, 24, 25, 26, 27, 28, 29, 30, 31, 32, 33; 19:1, 2, 3, 4, 5, 6, 7, 8, 9, 10, 11, 12, 13, 14, 15, 16, 17, 18, 19, 20, 21, 22, 23, 24, 25, 26, 27, 28, 29, 30, 31, 32, 33, 34, 35, 36, 37, 38, 39, 40, 41, 42, 43; 20:1, 2, 3, 4, 5, 6, 7, 9, 10, 11, 12, 13, 14, 15, 16, 17, 19, 21, 22, 23, 24, 25, 26; 21:1, 2, 4, 5, 6, 7, 8, 10, 11, 12, 13, 14, 15, 16, 17, 18, 19, 20, 21, 22; 22:1, 2, 3, 4, 5, 18, 26, 27, 28, 30, 38, 41, 44, 45, 46, 48, 49, 50, 51; 23:1, 3, 5, 6, 7, 8, 9, 10, 11, 13, 14, 16, 17, 18, 19, 20, 21, 22, 23, 24, 26, 29, 32, 33, 34, 36, 37; 24:2, 3, 4, 9, 10, 11, 13, 14, 15, 16, 17, 20, 21, 22, 23, 24
1Kgs 1:1, 2, 3, 4, 5, 6, 7, 8, 9, 10, 11, 12, 13, 14, 15, 16, 17, 18, 19, 20, 21, 22, 23, 24, 25, 26, 27, 28, 29, 30, 31, 32, 33, 34, 35, 36, 37, 38, 39, 40, 41, 42, 43, 44, 45, 47, 48, 49, 51, 52, 53; 2:1, 2, 4, 5, 7, 8, 9, 10, 12, 13, 15, 17, 18, 19, 20, 21, 22, 23, 24, 25, 26, 27, 29, 30, 31, 32, 33, 34, 35, 36, 38, 39, 40, 42, 44, 45, 46; 3:1, 2, 3, 4, 6, 7, 8, 9, 11, 13, 14, 15, 16, 17, 18, 19, 20, 21, 22, 23, 24, 25, 26, 27, 28; 4:1, 2, 3, 4, 5, 6, 7, 8, 9, 10, 11, 12, 13, 14, 15, 16, 17, 18, 19, 21, 24, 25, 26, 27, 28, 30, 31, 34; 5:1, 3, 4, 5, 6, 7, 9, 11, 13, 15, 16, 17, 18; 6:1, 2, 12, 13; 7:8, 13, 14, 40, 45, 46, 51; 8:1, 2, 3, 4, 5, 6, 9, 10, 11, 14, 15, 16, 17, 18, 19, 20, 21, 22, 23, 24, 25, 26, 28, 29, 30, 31, 32, 33, 34, 36, 37, 38, 39, 40, 41, 43, 44, 46, 47, 48, 50, 51, 52, 53, 55, 56, 57, 58, 59, 60, 62, 63, 64, 65, 66; 9:1, 4, 5, 6, 7, 9, 10, 11, 13, 14, 15, 16, 19, 20, 21, 22, 23, 24, 26, 27, 28; 10:1, 3, 4, 5, 6, 8, 9, 10, 11, 12, 13, 15, 16, 17, 18, 21, 22, 23, 25, 26, 27, 28, 29; 11:1, 2, 3, 4, 6, 7, 8, 11, 12, 13, 14, 15, 17, 18, 19, 20, 21, 23, 24, 25, 26, 27, 28, 29, 31, 32, 33, 34, 35, 36, 37, 38, 39, 40, 43; 12:1, 2, 3, 4, 5, 6, 7, 8, 9, 10, 11, 12, 13, 14, 15, 16, 17, 18, 19, 20, 21, 22, 23, 24, 26, 27, 28, 30, 31, 32, 33; 13:1, 2, 4, 5, 6, 7, 8, 11, 12, 13, 14, 18, 20, 21, 22, 23, 25, 26, 27, 29, 30, 31, 33, 34; 14:1, 2, 3, 4, 5, 6, 7, 8, 10, 12, 13, 14, 15, 17, 18, 19, 20, 21, 22, 24, 25, 26, 27, 28, 29, 31; 15:1, 2, 3, 4, 7, 8, 9, 10, 11, 12, 13, 15, 16, 17, 18, 19, 20, 22, 23, 24, 25, 26, 27, 28, 29, 31, 32, 33; 16:1, 2, 3, 5, 6, 7, 8, 9, 10, 11, 12, 13, 14, 15, 16, 18, 20, 21, 22, 23, 24, 26, 27, 28, 29, 30, 31, 33, 34; 17:1, 9, 10, 12, 13, 17, 18, 19, 20, 21, 22, 23, 24; 18:3, 4, 7, 8, 9, 10, 11, 12, 13, 14, 18, 19, 20, 21, 22, 24, 25, 30, 31, 36, 37, 39, 40, 43, 44; 19:1, 2, 3, 4, 10, 14, 15, 16, 19, 20, 21; 20:1, 2, 3, 4, 5, 6, 7, 8, 9, 10, 11, 12, 13, 14, 15, 16, 17, 19, 20, 21, 22, 23, 24, 25, 27, 28, 29, 30, 31, 32, 33, 34, 35, 37, 38, 39, 40, 41, 42, 43; 21:1, 3, 4, 5, 7, 8, 9, 10, 11, 12, 13, 18, 20, 21, 22, 25, 26, 29; 22:2, 3, 4, 5, 6, 7, 8, 9, 10, 11, 12, 13, 15, 16, 17, 18, 19, 22, 23, 24, 26, 27, 28, 29, 30, 31, 32, 33, 34, 35, 36, 37, 39, 40, 41, 42, 43, 44, 45, 46, 47, 49, 50, 51, 52, 53
2Kgs 1:2, 3, 5, 6, 7, 8, 9, 10, 11, 12, 13, 14, 15, 16, 17, 18; 2:3, 5, 7, 12, 15, 16, 17, 19, 23, 24; 3:1, 2, 3, 4, 5, 6, 7, 9, 10, 11, 12, 13, 14, 15, 21, 23, 25, 26, 27; 4:1, 2, 3, 4, 5, 6, 7, 8, 9, 12, 13, 14, 16, 17, 18, 19, 20, 21, 22, 24, 25, 26, 27, 28, 29, 30, 31, 32, 34, 35, 36, 37, 38, 40, 41, 42, 43; 5:1, 2, 3, 4, 5, 6, 7, 8, 10, 11, 13, 14, 15, 17, 18, 20, 22, 23, 24, 25, 26, 27; 6:1, 2, 3, 5, 6, 8, 9, 10, 11, 12, 14, 15, 17, 18, 19, 20, 21, 22, 23, 24, 26, 28, 29, 30, 31, 32, 33; 7:2, 3, 4, 5, 6, 8, 9, 10, 11, 12, 13, 14, 15, 16, 17, 18, 19, 20; 8:1, 2, 3, 4, 5, 6, 7, 8, 9, 11, 12, 13, 14, 16, 18, 19, 20, 21, 23, 24, 25, 26, 27, 28, 29; 9:1, 2, 3, 4, 5, 6, 7, 8, 9, 11, 12, 13, 14, 15, 16, 17, 18, 19, 20, 21, 22, 25, 26, 27, 28, 29, 31, 32, 34, 36; 10:1, 2, 3, 4, 5, 6, 7, 8, 9, 10, 11, 13, 14, 15, 18, 19, 20, 21, 22, 23, 24, 25, 29, 30, 34, 35; 11:1, 2, 4, 5, 6, 7, 8, 9, 10, 11, 12, 13, 14, 15, 16, 17, 18, 19, 20; 12:1, 2, 3, 4, 5, 6, 7, 8, 9, 10, 11, 12, 14, 15, 16, 17, 18, 19, 20, 21; 13:1, 2, 3, 4, 5, 6, 7, 8, 9, 10, 11, 12, 13, 14, 16, 18, 19, 20, 21, 22, 24, 25; 14:1, 2, 3, 4, 5, 6, 8, 9, 11, 12, 13, 14, 15, 16, 17, 18, 20, 21, 22, 23, 24, 25, 26, 27, 28, 29; 15:1, 2, 3, 4, 5, 6, 7, 8, 9, 10, 11, 12, 13, 14, 15, 16, 17, 18, 19, 20, 21, 22, 23, 24, 25, 26, 27, 28, 29, 30, 31, 32, 33, 34, 35, 36, 37, 38; 16:1, 2, 3, 5, 6, 7, 8, 9, 10, 11, 12, 15, 16, 17, 18, 19, 20; 17:1, 2, 3, 4, 5, 6, 7, 8, 9, 11, 13, 14, 15, 17, 18, 20, 21, 22, 23, 24, 26, 27, 28, 29, 30, 31, 32, 33, 34, 39, 41; 18:1, 2, 3, 4, 5, 7, 8, 9, 10, 11, 12, 13, 14, 15, 16, 17, 18, 19, 21, 23, 24, 26, 27, 28, 29, 30, 31, 33, 35, 36, 37; 19:1, 2, 3, 4, 5, 6, 8, 9, 10, 11, 12, 13, 14, 15, 17, 18, 19, 20, 21, 23, 26, 30, 31, 32, 34, 35, 36, 37; 20:1, 5, 6, 11, 12, 14, 17, 18, 20, 21; 21:1, 2, 3, 6, 7, 8, 9, 10, 11, 13, 14, 15, 17, 18, 19, 20, 21, 22, 23, 24, 25, 26; 22:1, 2, 3, 4, 5, 6, 8, 9, 10, 11, 12, 13, 14, 15, 16, 18, 19, 20; 23:1, 2, 3, 4, 5, 6, 7, 8, 9, 10, 11, 12, 13, 14, 15, 16, 17, 18, 19, 20, 21, 22, 23, 24, 25, 28, 29, 30, 31, 32, 34, 35, 36, 37; 24:1, 2, 5, 6, 7, 8, 9, 10, 11, 12, 13, 14, 15, 16, 17, 18, 20; 25:1, 2, 3, 4, 5, 6, 7, 8, 9, 10, 11, 12, 15, 18, 19, 20, 21, 22, 23, 24, 25, 26, 27, 28, 30
1Chr 1:5, 6, 7, 8, 9, 13, 17, 19, 23, 28, 29, 31, 32, 33, 34, 35, 36, 37, 38, 39, 40, 41, 42, 43, 44, 46, 49, 50, 51, 52, 53, 54; 2:1, 3, 4, 5, 6, 7, 8, 9, 10, 13, 16, 17, 18, 21, 23, 24, 25, 26, 27, 28, 29, 30, 31, 32, 33, 34, 35, 42, 43, 44, 45, 46, 47, 48, 49, 50, 51, 52, 53, 54, 55; 3:1, 2, 3, 5, 9, 10, 11, 12, 13, 14, 15, 16, 17, 19, 21, 22, 23, 24; 4:1, 2, 3, 4, 5, 6, 7, 8, 9, 11, 12, 13, 14, 15, 16, 17, 18, 19, 20, 21, 22, 23, 24, 25, 26, 27, 34, 35, 37, 38, 41, 42; 5:1, 2, 3, 4, 5, 6, 7, 8, 11, 13, 14, 15, 17, 18, 21, 23, 24, 25, 26; 6:1, 2, 3, 10, 16, 17, 18, 19, 20, 21, 22, 23, 24, 25, 26, 27, 28, 29, 30, 32, 33, 34, 35, 36, 37, 38, 39, 40, 41, 42, 43, 44, 45, 46, 47, 48, 49, 50, 51, 52, 53, 54, 56, 57, 60, 61, 62, 63, 64, 65, 66, 70, 71, 72, 74, 76, 77, 78, 80; 7:1, 2, 3, 4, 5, 6, 7, 8, 9, 10, 11, 12, 13, 14, 15, 16, 17, 18, 19, 20, 21, 22, 23, 24, 25, 26, 27, 29, 30, 31, 32, 33, 34, 35, 36, 38, 39, 40; 8:1, 3, 6, 8, 9, 10, 12, 13, 16, 18, 21, 25, 27, 28, 29, 30, 32, 34, 35, 37, 38, 39, 40; 9:1, 2, 3, 4, 5, 6, 7, 8, 9, 10, 11, 12, 13, 14, 15, 16, 17, 18, 19, 20, 21, 22, 23, 24, 25, 26, 30, 31, 32, 33, 34, 35, 36, 38, 40, 41, 43, 44; 10:1, 2, 3, 4, 5, 6, 7, 8, 9, 12, 14; 11:2, 3, 4, 5, 6, 10, 11, 12, 13, 15, 16, 18, 19, 20, 21, 22, 23, 24, 25, 26, 28, 30, 31, 34, 35, 37, 38, 39, 41, 42, 43, 44, 45, 46; 12:1, 2, 3, 4, 7, 8, 14, 16, 17, 18, 19, 20, 21, 22, 23, 24, 25, 26, 27, 28, 29, 30, 31, 32, 34, 37, 38, 39; 13:1, 2, 4, 14; 14:1, 2, 3, 4, 8, 11, 15, 16, 17; 15:4, 5, 6, 7, 8, 9, 10, 11, 12, 14, 15, 16, 17, 18, 19, 23, 24, 25, 27, 29; 16:2, 3, 6, 7, 8, 13, 19, 20, 21, 22, 24, 26, 28, 31, 35, 36, 37, 38, 39, 42, 43; 17:1, 4, 6, 7, 8, 9, 10, 11, 13, 16, 17, 18, 19, 21, 22, 23, 24, 25, 26, 27; 18:2, 3, 4, 5, 6, 7, 9, 10, 11, 12, 13, 14, 15, 16, 17; 19:1, 2, 3, 4, 5, 6, 7, 8, 9, 11, 12, 13, 14, 15, 16, 18, 19; 20:1, 2, 3, 4, 5, 6, 7, 8; 21:2, 3, 4, 5, 6, 8, 9, 12, 13, 14, 16, 17, 20, 22, 23, 24; 22:2, 5, 6, 7, 9, 10, 11, 15, 17, 18; 23:1, 2, 3, 4, 5, 6, 8, 9, 10, 11, 12, 13, 14, 15, 16, 17, 18, 19, 20, 21, 22, 23, 24, 25, 28, 32; 24:1, 2, 3, 4, 5, 6, 19, 20, 21, 22, 23, 24, 25, 26, 27, 28, 29, 30, 31; 25:1, 2, 3, 4, 5, 6, 7, 8, 9, 10, 11, 12, 13, 14, 15, 16, 17, 18, 19, 20, 21, 22, 23, 24, 25, 26, 27, 28, 29, 30, 31; 26:1, 2, 4, 6, 7, 8, 9, 10, 11, 12, 13, 14, 15, 19, 21, 22, 24, 25, 26, 28, 29, 30, 31, 32; 27:1, 2, 3, 4, 5, 6, 7, 8, 9, 10, 11, 12, 13, 14, 15, 16, 17, 18, 19, 20, 21, 22, 24, 25, 26, 29, 31, 32, 33, 34; 28:1, 2, 3, 4, 5, 6, 8, 9, 11, 13, 20, 21; 29:1, 5, 6, 9, 10, 14, 15, 17, 18, 19, 20, 22, 23, 24, 25, 26, 28, 29, 30
2Chr 1:1, 2, 3, 5, 6, 8, 9, 10, 11, 12, 13, 14, 15, 16, 17; 2:2, 3, 7, 8, 10, 11, 12, 13, 14, 15, 17, 18; 3:1; 4:6, 9, 11, 16, 17; 5:1, 2, 3, 4, 5, 6, 7, 10, 11, 12, 13, 14; 6:3, 4, 5, 6, 7, 8, 9, 10, 11, 12, 13, 14, 15, 16, 17, 18, 19, 20, 21, 22, 23, 24, 25, 27, 28, 29, 30, 31, 32, 33, 34, 36, 38, 39, 41, 42; 7:2, 3, 4, 5, 6, 8, 9, 10, 11, 13, 14, 17, 18, 20, 22; 8:2, 6, 7, 8, 9, 10, 11, 14, 15, 18; 9:1, 3, 4, 5, 7, 8, 9, 10, 11, 12, 14, 15, 16, 17, 20, 21, 22, 23, 24, 25, 26, 27, 29, 31; 10:1, 2, 4, 5, 6, 7, 8, 9, 10, 11, 12, 13, 14, 15, 16, 17, 18, 19; 11:1, 2, 3, 4, 11, 13, 14, 15, 16, 17, 18, 19, 20, 21, 22, 23; 12:2, 3, 5, 6, 8, 9, 10, 11, 13, 15, 16; 13:1, 2, 3, 5, 6, 7, 8, 9, 10, 12, 14, 15, 16, 17, 18, 21, 22; 14:1, 4, 8, 9, 11, 13; 15:1, 3, 5, 6, 8, 9, 12, 13, 16, 18; 16:1, 2, 3, 4, 6, 7, 8, 10, 11, 12, 13, 14; 17:1, 2, 3, 4, 7, 8, 9, 10, 13, 14, 15, 16, 17, 19; 18:2, 3, 4, 5, 6, 7, 8, 9, 10, 11, 12, 14, 15, 16, 17, 19, 21, 22, 23, 25, 26, 27, 28, 29, 30, 31, 32, 33, 34; 19:1, 2, 4, 5, 6, 7, 8, 10, 11; 20:1, 5, 6, 7, 10, 13, 14, 15, 18, 19, 20, 21, 22, 23, 25, 27, 29, 31, 32, 33, 34, 35, 37; 21:1, 2, 3, 4, 6, 7, 8, 9, 10, 11, 12, 13, 14, 17, 19, 20; 22:1, 2, 3, 4, 5, 6, 7, 8, 9, 10, 11; 23:1, 2, 3, 4, 5, 6, 7, 8, 9, 10, 11, 12, 13, 14, 15, 16, 17, 18, 19, 20, 21; 24:1, 2, 3, 5, 6, 7, 8, 9, 10, 11, 12, 13, 14, 16, 17, 18, 19, 20, 21, 22, 23, 24, 25, 26, 27; 25:1, 3, 4, 5, 6, 7, 8, 9, 10, 11, 12, 13, 14, 15, 16, 17, 18, 20, 21, 22, 23, 24, 25, 26, 28; 26:1, 2, 3, 4, 10, 11, 12, 13, 14, 15, 17, 18, 19, 20, 21, 22, 23; 27:1, 2, 5, 7, 9; 28:1, 2, 3, 5, 6, 7, 8, 9, 10, 11, 12, 13, 14, 15, 16, 17, 19, 20, 21, 22, 23, 25, 26, 27; 29:1, 2, 4, 5, 6, 9, 11, 12, 13, 14, 15, 16, 18, 19, 20, 21, 22, 23, 24, 25, 26, 27, 28, 29, 30, 31, 32, 34, 36; 30:2, 3, 4, 6, 7, 8, 9, 12, 13, 15, 16, 17, 18, 19, 20, 21, 22, 23, 24, 25, 26, 27; 31:1, 2, 3, 4, 5, 6, 8, 9, 10, 12, 13, 14, 15, 16, 17, 18, 19; 32:1, 3, 4, 6, 7, 8, 9, 10, 11, 13, 14, 15, 16, 17, 18, 19, 20, 21, 22, 23, 26, 31, 32, 33; 33:2, 3, 6, 7, 8, 9, 10, 11, 12, 14, 17, 18, 19, 20, 22, 23, 24, 25; 34:2, 3, 5, 8, 9, 10, 11, 12, 13, 14, 15, 16, 17, 18, 19, 20, 21, 22, 23, 24, 26, 27, 28, 29, 30, 31, 32, 33; 35:2, 3, 4, 5, 6, 7, 8, 9, 10, 11, 12, 13, 14, 15, 16, 17, 18, 20, 21, 23, 24, 25, 27; 36:1, 3, 4, 6, 8, 10, 12, 13, 14, 15, 16, 17, 18, 20, 22, 23
Ezra 1:1, 2, 3, 4, 5, 7, 8; 2:1, 2, 3, 4, 5, 6, 7, 8, 9, 10, 11, 12, 13, 14, 15, 16, 17, 18, 19, 20, 21, 22, 23, 24, 25, 26, 27, 28, 29, 30, 31, 32, 33, 34, 35, 36, 37, 38, 39, 40, 41, 42, 43, 44, 45, 46, 47, 48, 49, 50, 51, 52, 53, 54, 55, 56, 57, 58, 59, 60, 61, 62, 63, 64, 65, 68, 69, 70; 3:1, 2, 3, 7, 8, 9, 10, 11, 12, 13; 4:1, 2, 3, 4, 5, 6, 7, 8, 9, 10, 11, 12, 13, 14, 15, 16, 17, 19, 20, 21, 22, 23, 24; 5:1, 2, 3, 4, 5, 6, 7, 8, 9, 10, 11, 12, 13, 14, 17; 6:1, 3, 4, 6, 7, 8, 9, 10, 12, 13, 14, 15, 16, 17, 18, 19, 20, 21, 22; 7:1, 2, 3, 4, 5, 6, 7, 8, 11, 12, 13, 14, 15, 16, 18, 20, 21, 23, 24, 25, 26, 27, 28; 8:1, 2, 3, 4, 5, 6, 7, 8, 9, 10, 11, 12, 13, 14, 15, 16, 17, 18, 19, 20, 21, 22, 24, 25, 28, 29, 30, 31, 33, 35, 36; 9:1, 2, 7, 9, 11, 12, 14; 10:1, 2, 3, 5, 6, 7, 8, 9, 10, 11, 12, 13, 14, 15, 16, 17, 18, 19, 20, 21, 22, 24, 25, 26, 27, 28, 29, 30, 31, 33, 34, 43, 44
Neh 1:1, 2, 6, 7, 8, 10, 11; 2:1, 2, 3, 4, 5, 6, 7, 8, 9, 10, 12, 16, 18, 19, 20; 3:1, 2, 3, 4, 5, 6, 7, 8, 9, 10, 11, 12, 13, 14, 15, 16, 17, 18, 19, 20, 21, 22, 23, 24, 25, 28, 29, 30, 31, 32; 4:2, 5, 6, 10, 11, 13, 14, 15, 16, 18, 19, 22, 23; 5:1, 2, 4, 5, 7, 8, 9, 10, 12, 13, 14, 15, 16, 17, 18, 19; 6:1, 3, 5, 6, 7, 10, 11, 14, 16, 17, 18; 7:1, 2, 3, 4, 5, 6, 7, 8, 9, 10, 11, 12, 13, 14, 15, 16, 17, 18, 19, 20, 21, 22, 23, 24, 25, 26, 27, 28, 29, 30, 31, 32, 33, 34, 35, 36, 37, 38, 39, 40, 41, 42, 43, 44, 45, 46, 47, 48, 49, 50, 51, 52, 53, 54, 55, 56, 57, 58, 59, 60, 61, 62, 63, 64, 65, 66, 67, 70, 71, 72, 73; 8:1, 2, 3, 4, 5, 6, 7, 9, 11, 12, 13, 14, 16, 17; 9:1, 2, 8, 9, 10, 11, 14, 16, 17, 22, 23, 24, 26, 27, 28, 29, 30, 32, 34, 36, 37, 38; 10:1, 8, 9, 10, 14, 28, 29, 30, 31, 34, 36, 37, 38, 39; 11:1, 2, 3, 4, 5, 6, 7, 9, 10, 11, 12, 13, 14, 15, 17, 19, 20, 22, 23, 24, 25, 31, 35; 12:1, 7, 8, 9, 12, 22, 23, 24, 25, 26, 28, 29, 30, 31, 32, 35, 36, 38, 40, 41, 42, 43, 44, 45, 46, 47; 13:1, 2, 3, 4, 5, 6, 8, 10, 11, 13, 16, 17, 18, 19, 20, 23, 24, 25, 26, 27, 28, 29, 30
Esth 1:2, 3, 5, 7, 8, 9, 10, 11, 12, 13, 14, 15, 16, 17, 18, 19, 20, 21, 22; 2:1, 2, 3, 4, 5, 6, 7, 8, 9, 10, 11, 12, 13, 14, 15, 16, 17, 18, 19, 20, 21, 22, 23; 3:1, 2, 3, 6, 7, 8, 9, 10, 11, 12, 13, 14, 15; 4:2, 3, 4, 5, 6, 7, 8, 11, 13, 14, 16; 5:1, 2, 3, 4, 5, 6, 8, 9, 10, 11, 12, 13, 14; 6:1, 2, 3, 4, 5, 6, 7, 8, 9, 10, 11, 12, 13, 14; 7:1, 2, 3, 4, 5, 6, 7, 8, 9, 10; 8:1, 2, 3, 4, 5, 6, 7, 8, 9, 10, 11, 12, 13, 14, 15, 17; 9:1, 2, 3, 4, 5, 6, 10, 11, 12, 13, 14, 15, 16, 20, 22, 24, 25, 27, 28, 29, 31; 10:1, 2, 3
Job 1:1, 2, 3, 4, 5, 6, 8, 10, 13, 14, 15, 16, 17, 18, 19, 21; 2:1, 3, 4, 9, 10, 11; 3:3, 10, 14, 15, 16, 17, 18, 19, 23; 4:7, 13, 17, 18; 5:1, 2, 3, 4, 5, 7, 12, 13, 15, 16, 17, 25; 6:14, 15, 19, 23, 27; 7:1, 2, 6, 17, 20; 8:4, 8, 13, 20, 22; 9:2, 13, 15, 22, 23, 24, 32, 33; 10:3, 4, 5, 17; 11:2, 3, 11, 12, 20; 12:2, 4, 6, 10, 14, 16, 17, 18, 19, 20, 21, 23, 24, 25; 13:4, 8, 9, 10, 16, 24; 14:1, 6, 10, 12, 14, 19, 21; 15:2, 5, 7, 10, 14, 15, 16, 18, 19, 20, 21, 24, 28, 34; 16:2, 7, 8, 9, 11, 13, 14, 19, 20, 21; 17:2, 5, 6, 8, 9, 10, 14; 18:5, 9, 13, 14, 19, 21; 19:11, 12, 13, 14, 15, 16, 17, 18, 19, 21; 20:4, 5, 10, 19, 21, 22, 29; 21:4, 7, 8, 9, 11, 16, 17, 19, 21, 28, 30, 33; 22:2, 6, 7, 8, 9, 15, 18, 19, 29, 30; 23:7; 24:3, 4, 5, 6, 7, 9, 10, 12, 14, 15, 21, 22, 25; 25:3, 4, 6; 26:5, 12; 27:7, 8, 13, 14, 15, 17, 18, 19, 23; 28:4, 13, 21, 28; 29:5, 8, 9, 10, 12, 13, 15, 16, 17, 21, 25; 30:1, 5, 8, 12, 13, 23, 25, 28, 29; 31:1, 3, 8, 9, 10, 11, 13, 16, 17, 18, 19, 21, 28, 31, 32, 34, 35, 37, 39; 32:1, 2, 3, 5, 6, 8, 9, 13, 21, 22; 33:10, 12, 14, 15, 16, 17, 22, 23, 25, 26, 27, 29, 30; 34:2, 7, 8, 9, 10, 11, 14, 15, 18, 19, 20, 21, 22, 23, 24, 26, 28, 29, 30, 34, 36; 35:4, 8, 9, 10, 12; 36:6, 7, 15, 17, 20, 24, 25, 28, 31; 37:7, 20, 21, 24; 38:3, 7, 13, 15, 26, 28, 32; 39:7, 18, 21, 25; 40:7, 12; 41:4, 5, 6, 25, 34; 42:7, 8, 10, 11, 13, 15, 16
Ps 1:1, 5, 6; 2:1, 2, 6, 8, 9, 10; 3:0, 3, 6, 7, 8; 4:2; 5:5, 6, 8, 12; 6:7, 8, 10; 7:4, 5, 6, 7, 8, 9, 11, 13; 8:2, 4; 9:3, 5, 6, 8, 9, 11, 12, 14, 15, 16, 17, 18, 19, 20; 10:2, 3, 4, 5, 8, 9, 10, 12, 13, 14, 15, 16, 17, 18; 11:2, 3, 4, 5, 6, 7; 12:1, 2, 4, 5, 8; 13:2, 4; 14:1, 2, 4, 5, 6, 7; 15:3, 4, 5; 16:3; 17:4, 9, 13, 14; 18:0, 2, 3, 4, 17, 25, 26, 27, 29, 37, 40, 43, 44, 45, 47, 48, 49, 50; 19:5, 7, 11, 13, 14; 20:9; 21:1, 7, 8, 10; 22:4, 6, 9, 10, 16, 20, 22, 23, 24, 25, 26, 27, 28, 30, 31; 23:1, 5; 25:2, 8, 9, 12, 13, 19; 26:4, 5, 9, 12; 27:2, 3, 6, 9, 10, 11, 12, 13; 28:3, 9; 29:1, 11; 30:1, 4, 10; 31:8, 11, 12, 15, 16, 17, 18, 19, 20, 23; 32:2, 10, 11; 33:1, 8, 10, 12, 13, 14, 16; 34:2, 6, 8, 9, 11, 12, 15, 17, 19, 21, 22; 35:10, 11, 14, 16, 17, 18, 19, 27; 36:0, 1, 6, 7, 11, 12; 37:1, 7, 9, 10, 11, 12, 14, 16, 17, 20, 21, 23, 25, 26, 28, 29, 30, 32, 34, 35, 37, 38, 39, 40; 38:11, 13, 14, 19, 20; 39:1, 5, 6, 8, 11, 12; 40:4, 9, 10, 17; 41:1, 2, 5, 9, 11; 42:0, 9, 10; 43:1, 2; 44:0, 1, 2, 5, 7, 9, 10, 11, 12, 13, 14, 16; 45:0, 1, 2, 5, 7, 9, 10, 11, 12, 13, 14, 15, 16, 17; 46:0, 6, 10; 47:0, 1, 3, 8, 9; 48:0, 4, 6, 11, 14; 49:0, 1, 2, 7, 10, 12, 13, 18, 19, 20; 50:4, 5, 6, 7, 16, 18, 20; 51:0, 5, 13; 52:1, 5, 6, 7, 9; 53:1, 2, 4, 6; 54:3, 4, 5, 7; 55:3, 12, 13, 22, 23; 56:1, 2, 7, 9, 11, 13; 57:4, 9; 58:1, 3, 5, 8, 10, 11; 59:1, 2, 3, 5, 8, 10, 11; 60:3, 7, 10, 11, 12; 61:3, 6; 62:3, 8, 9, 12; 63:11; 64:1, 2, 9, 10; 65:4, 7; 66:3, 5, 7, 8, 12; 67:2, 3, 4, 5; 68:1, 2, 3, 5, 6, 7, 10, 12, 14, 18, 21, 22, 23, 25, 26, 27, 29, 30, 31, 32, 35; 69:4, 8, 12, 17, 18, 19, 20, 28, 32, 33, 36; 70:5; 71:4, 6, 10, 13; 72:1, 2, 3, 4, 7, 9, 10, 11, 12, 13, 17, 20; 73:3, 5, 10, 15; 74:2, 3, 4, 5, 9, 10, 14, 18, 19, 21, 22, 23; 75:2, 3, 4, 7, 8, 10; 76:5, 9, 10, 12; 77:14, 15, 20; 78:1, 3, 4, 5, 6, 8, 9, 12, 20, 25, 31, 35, 42, 51, 52, 53, 55, 57, 60, 61, 62, 63, 64, 65, 66, 67, 68, 70, 71; 79:1, 2, 4, 6, 10, 11, 12, 13; 80:4, 6, 8, 17; 81:8, 11, 13, 14, 15; 82:1, 2, 3, 4, 6, 7, 8; 83:2, 3, 4, 7, 8, 11, 18; 84:0, 5, 10, 12; 85:0, 2, 6, 8; 86:2, 4, 9, 14, 16; 87:0, 4, 5, 6, 7; 88:0, 4, 5, 8, 10, 18; 89:3, 4, 5, 6, 7, 10, 15, 18, 19, 20, 22, 23, 26, 27, 29, 30, 36, 39, 41, 42, 47, 48, 50, 51; 90:0, 3, 13, 16; 91:3, 8; 92:6, 7, 9, 11, 12; 94:2, 3, 4, 5, 6, 8, 10, 11, 12, 13, 14, 16, 21; 95:6, 7, 9, 10; 96:3, 5, 7, 10, 13; 97:3, 6, 8, 10, 11, 12; 98:2, 3, 9; 99:1, 2, 4, 6; 100:3; 101:4, 5, 8; 102:0, 8, 14, 15, 18, 20, 22, 28; 103:7, 13, 15, 17, 21; 104:4, 14, 15, 23, 35; 105:1, 6, 12, 13, 14, 15, 17, 20, 21, 22, 24, 25, 26, 30, 36, 37, 40, 42, 43, 44; 106:4, 5, 6, 7, 10, 11, 16, 18, 21, 27, 28, 34, 35, 37, 38, 40, 41, 42, 46, 47, 48; 107:2, 8, 15, 17, 21, 27, 31, 32, 36, 40, 41, 42; 108:3, 6, 8, 11, 12, 13; 109:2, 4, 6, 9, 10, 11, 12, 13, 14, 16, 20, 28, 29, 31; 110:1, 2, 3, 4, 5, 6; 111:1, 6, 9; 112:1, 2, 3, 5, 6, 8, 9, 10; 113:1, 4, 7, 8, 9; 114:1; 115:2, 4, 10, 12, 14, 16, 17; 116:6, 9, 11, 14, 15, 16, 18; 117:1; 118:3, 6, 8, 9, 10, 15, 20, 22; 119:9, 17, 19, 21, 23, 24, 38, 46, 49, 51, 53, 61, 63, 65, 69, 76, 78, 84, 85, 91, 95, 98, 99, 100, 110, 115, 119, 121, 122, 124, 125, 130, 134, 135, 139, 140, 155, 157, 158, 161, 176; 120:4; 121:5; 122:4, 5, 8; 123:2, 4; 124:2, 7; 125:2, 3, 5; 126:2; 127:1, 3, 4, 5; 128:3, 4, 6; 129:3, 4, 7; 131:2; 132:3, 9, 10, 12, 16, 18; 133:1; 134:1; 135:1, 8, 9, 10, 11, 12, 14, 15, 19, 20; 136:3, 10, 15, 16, 17, 18, 19, 20, 22, 24; 137:7, 8, 9; 138:4, 6, 7; 139:13, 19, 20, 22; 140:1, 4, 5, 8, 11, 12, 13; 141:4, 5, 6, 9, 10; 142:4, 5, 6, 7; 143:2, 3, 9, 12; 144:2, 3, 4, 7, 10, 11, 12, 15; 145:1, 6, 10, 12, 20; 146:3, 7, 8, 9; 147:2, 6, 10, 13, 20; 148:11, 12, 14; 149:1, 2, 4, 5, 7, 8, 9
Prov 1:1, 4, 5, 6, 7, 8, 10, 11, 15, 19, 22, 24, 32; 2:1, 7, 8, 12, 14, 16, 17, 18, 20, 21, 22; 3:1, 4, 11, 12, 13, 21, 25, 28, 29, 30, 31, 32, 33, 34, 35; 4:1, 3, 10, 14, 18, 19, 20; 5:1, 3, 7, 10, 13, 14, 17, 18, 20, 21, 22; 6:1, 3, 5, 6, 7, 9, 11, 12, 19, 20, 24, 26, 27, 29, 30, 31, 32, 34; 7:1, 4, 5, 7, 10, 19, 22, 24, 26; 8:4, 5, 15, 16, 31, 32, 34; 9:3, 6, 7, 8, 9, 13, 15, 18; 10:1, 3, 5, 6, 7, 8, 10, 11, 14, 15, 16, 18, 20, 21, 23, 24, 25, 26, 27, 28, 29, 30, 31, 32; 11:2, 3, 5, 6, 7, 8, 9, 10, 11, 12, 13, 14, 15, 16, 17, 18, 21, 22, 23, 26, 28, 29, 30, 31; 12:2, 3, 4, 5, 6, 7, 8, 9, 10, 11, 12, 13, 14, 15, 16, 17, 18, 20, 21, 23, 24, 25, 26, 27; 13:1, 2, 4, 5, 6, 8, 9, 14, 15, 16, 17, 19, 20, 21, 22, 23, 24, 25; 14:1, 3, 5, 6, 7, 8, 9, 10, 11, 12, 14, 15, 16, 17, 18, 19, 20, 21, 24, 25, 26, 28, 31, 32, 33, 34, 35; 15:2, 5, 6, 7, 8, 9, 11, 12, 14, 15, 18, 19, 20, 21, 22, 23, 24, 25, 26, 27, 28, 29, 31; 16:1, 2, 4, 6, 7, 9, 10, 12, 13, 14, 15, 19, 22, 23, 25, 27, 28, 29, 32; 17:2, 4, 5, 6, 7, 9, 10, 11, 12, 13, 15, 16, 17, 18, 21, 23, 24, 25, 26, 27, 28; 18:1, 2, 3, 4, 5, 6, 7, 8, 9, 10, 11, 12, 14, 15, 16, 17, 18, 19, 20, 22, 23, 24; 19:1, 3, 4, 5, 6, 7, 9, 10, 11, 12, 13, 14, 17, 18, 19, 21, 22, 24, 25, 26, 27, 28, 29; 20:2, 3, 4, 5, 6, 7, 8, 11, 14, 16, 17, 19, 20, 24, 25, 26, 27, 28, 29; 21:1, 2, 4, 7, 8, 9, 10, 11, 12, 13, 15, 16, 17, 18, 19, 20, 22, 24, 25, 26, 27, 28, 29; 22:2, 3, 5, 6, 7, 9, 10, 11, 12, 13, 14, 15, 16, 17, 22, 24, 28, 29; 23:1, 2, 9, 10, 11, 13, 15, 17, 19, 20, 21, 22, 24, 25, 26, 27, 28, 33; 24:1, 5, 6, 7, 8, 9, 12, 13, 15, 16, 17, 19, 20, 21, 23, 24, 26, 28, 29, 30, 34; 25:1, 2, 3, 5, 6, 7, 8, 9, 12, 13, 15, 17, 18, 19, 21, 24, 26, 27; 26:1, 3, 4, 5, 6, 7, 8, 9, 10, 11, 12, 13, 14, 15, 16, 18, 19, 20, 21, 22, 26; 27:2, 3, 6, 8, 9, 10, 11, 12, 13, 14, 15, 17, 18, 19, 20, 21, 22, 27; 28:1, 2, 3, 4, 5, 6, 7, 8, 10, 11, 12, 14, 15, 16, 17, 19, 20, 21, 23, 24, 26, 27, 28; 29:2, 3, 4, 5, 6, 7, 8, 9, 10, 11, 12, 13, 14, 15, 16, 17, 18, 19, 20, 21, 22, 23, 24, 25, 26, 27; 30:1, 2, 4, 6, 10, 11, 14, 15, 17, 19, 20, 22, 23, 25, 26, 27, 28, 31; 31:1, 2, 3, 4, 5, 8, 9, 10, 11, 14, 15, 20, 21, 23, 24, 27, 28, 29, 30
Eccl 1:1, 3, 8, 12, 13; 2:3, 7, 8, 12, 14, 15, 16, 18, 19, 21, 22, 24, 26; 3:10, 11, 12, 13, 14, 17, 18, 19, 21, 22; 4:1, 2, 4, 5, 8, 10, 13, 15, 16; 5:1, 3, 4, 8, 9, 11, 12, 13, 14, 15, 19; 6:1, 2, 3, 7, 8, 10, 11, 12; 7:2, 4, 5, 6, 7, 9, 14, 15, 19, 20, 21, 26, 27, 28, 29; 8:1, 2, 4, 5, 6, 8, 9, 10, 11, 12, 13, 14, 15, 17; 9:1, 2, 3, 4, 5, 9, 11, 12, 14, 15, 16, 17, 18; 10:1, 2, 3, 4, 5, 6, 7, 11, 12, 14, 15, 16, 17, 20; 11:5, 8, 9; 12:3, 4, 5, 8, 9, 10, 11, 12, 13
Song 1:3, 4, 5, 6, 7, 8, 12, 14, 16; 2:2, 3, 7, 8, 9, 10, 16, 17; 3:3, 4, 5, 6, 7, 8, 9, 10, 11; 4:4, 8, 9, 10, 11, 12, 16; 5:1, 2, 4, 5, 6, 7, 8, 9, 10, 16; 6:1, 2, 3, 4, 8, 9, 10, 13; 7:1, 5, 9, 10, 11, 13; 8:1, 2, 4, 5, 7, 8, 11, 13, 14
Isa 1:1, 2, 3, 4, 7, 8, 10, 17, 21, 23, 24, 26, 27, 28, 31; 2:1, 2, 3, 4, 5, 6, 9, 11, 17, 20, 22; 3:2, 3, 4, 5, 6, 7, 10, 11, 12, 13, 14, 15, 16, 17, 25; 4:1, 3, 4; 5:1, 3, 7, 9, 13, 15, 17, 22, 23, 25, 26; 6:1, 5, 9, 10, 11, 12; 7:1, 2, 3, 4, 5, 6, 8, 9, 13, 14, 16, 17, 20, 21, 24; 8:1, 2, 3, 4, 6, 7, 9, 11, 12, 14, 16, 17, 18, 19, 21; 9:1, 2, 3, 4, 5, 6, 9, 11, 13, 15, 16, 17, 19, 20; 10:2, 4, 6, 7, 8, 10, 12, 13, 14, 18, 19, 20, 22, 24, 30, 31, 32, 33; 11:4, 6, 8, 10, 11, 12, 13, 14, 15, 16; 12:4, 6; 13:1, 2, 3, 4, 7, 8, 9, 11, 12, 14, 16, 18, 19, 20; 14:1, 2, 4, 5, 6, 8, 9, 12, 13, 16, 17, 18, 20, 21, 22, 26, 28, 30, 32; 15:4, 5; 16:1, 2, 3, 4, 8, 10, 14; 17:3, 5, 7, 9, 12, 13; 18:2, 3, 7; 19:2, 3, 4, 8, 11, 12, 13, 14, 16, 20, 25; 20:1, 2, 3, 4, 6; 21:2, 3, 5, 6, 7, 8, 9, 11, 12, 13, 14, 16, 17; 22:2, 3, 4, 6, 7, 11, 15, 18, 20, 21, 22, 23, 24; 23:2, 3, 4, 6, 8, 9, 10, 11, 12, 13, 15, 16, 17; 24:1, 2, 4, 5, 6, 10, 13, 16, 17, 20, 21, 22, 23; 25:2, 3, 4, 5, 6, 7, 8; 26:2, 6, 7, 9, 10, 11, 13, 15, 17, 18, 19, 20, 21; 27:11, 12, 13; 28:1, 3, 6, 7, 11, 12, 14, 20, 22, 24, 28; 29:5, 7, 8, 10, 11, 13, 14, 16, 18, 19, 20, 21, 22, 23; 30:1, 4, 5, 6, 9, 10, 14, 19, 20, 26, 28, 33; 31:1, 2, 3, 4, 6, 7, 8, 9; 32:1, 2, 4, 5, 6, 7, 9, 10, 11, 13, 18; 33:3, 7, 8, 12, 14, 17, 18, 19, 22, 23, 24; 34:1, 2, 5, 12, 14; 35:5, 6, 8, 9, 10; 36:1, 2, 3, 4, 6, 8, 9, 11, 12, 13, 14, 15, 16, 18, 21, 22; 37:1, 2, 3, 4, 5, 6, 8, 9, 10, 11, 12, 13, 14, 16, 18, 19, 20, 21, 22, 24, 27, 31, 33, 35, 36, 37, 38; 38:1, 5, 6, 9, 11, 12, 16, 19; 39:1, 3, 6, 7; 40:1, 7, 11, 13, 15, 17, 19, 20, 22, 23, 30; 41:1, 2, 6, 7, 8, 9, 14, 17, 25, 28; 42:1, 5, 6, 7, 10, 11, 13, 14, 16, 18, 19, 22, 24; 43:4, 5, 6, 8, 9, 10, 11, 12, 14, 17, 20, 21, 27, 28; 44:1, 2, 3, 7, 8, 9, 11, 12, 13, 15, 21, 25, 26, 28; 45:1, 4, 10, 11, 12, 13, 14, 16, 19, 20, 24, 25; 46:3, 6, 8, 11, 12; 47:1, 3, 5, 6, 7, 8, 9, 13, 15; 48:1, 8, 19, 20, 22; 49:1, 3, 5, 6, 7, 8, 9, 13, 15, 17, 18, 19, 20, 21, 22, 23, 24, 25; 50:1, 2, 4, 6, 8, 10; 51:2, 4, 5, 7, 10, 11, 12, 13, 14, 16, 18, 20, 22; 52:1, 2, 4, 5, 6, 8, 9, 10, 13, 14, 15; 53:3, 7, 8, 9, 10, 11, 12; 54:1, 3, 4, 5, 6, 13, 16, 17; 55:4, 5, 7, 10; 56:2, 3, 4, 5, 6, 7, 8, 10, 11; 57:1, 3, 4, 5, 9, 13, 14, 15, 16, 18, 20, 21; 58:1, 2, 5, 6, 7, 10, 12, 14; 59:10, 16, 18, 19, 21; 60:2, 3, 4, 9, 10, 11, 12, 14, 15, 16, 17, 21, 22; 61:1, 5, 6, 9, 10, 11; 62:2, 5, 6, 8, 10, 11, 12; 63:3, 4, 6, 7, 8, 10, 11, 14, 16, 17, 18; 64:2, 4, 8, 9, 11; 65:1, 2, 3, 7, 8, 9, 10, 11, 13, 14, 15, 18, 19, 20, 22, 23; 66:2, 3, 5, 6, 7, 8, 13, 14, 18, 19, 20, 21, 22, 24
Jer 1:1, 2, 3, 5, 6, 7, 10, 14, 15, 18; 2:4, 5, 6, 7, 8, 9, 11, 13, 14, 15, 16, 20, 25, 26, 27, 30, 31, 32, 33, 34; 3:1, 3, 4, 6, 7, 8, 10, 13, 14, 17, 18, 19, 20, 21, 22, 24, 25; 4:2, 3, 4, 7, 9, 10, 11, 16, 17, 22, 25, 29, 30, 31; 5:1, 5, 7, 8, 9, 11, 13, 14, 15, 16, 17, 19, 20, 21, 23, 26, 28, 29, 31; 6:1, 2, 3, 9, 11, 12, 13, 14, 17, 18, 19, 21, 22, 23, 24, 25, 26, 27, 28, 29, 30; 7:5, 6, 7, 11, 12, 14, 15, 16, 18, 20, 22, 23, 25, 26, 28, 30, 31, 33, 34; 8:1, 3, 5, 6, 7, 8, 9, 10, 11, 19, 21, 22; 9:1, 2, 4, 5, 7, 8, 9, 10, 11, 12, 14, 15, 16, 17, 20, 21, 22, 23, 25, 26; 10:1, 2, 3, 7, 9, 10, 13, 14, 17, 18, 20, 21, 23, 25; 11:2, 3, 4, 5, 7, 9, 10, 12, 14, 15, 17, 19, 21, 22, 23; 12:1, 5, 6, 7, 8, 9, 10, 11, 12, 14, 15, 16, 17; 13:10, 11, 13, 14, 18, 21; 14:3, 4, 8, 9, 10, 11, 13, 14, 15, 16, 17, 18, 20; 15:1, 4, 7, 8, 9, 10, 11, 14, 15, 17, 18, 20, 21; 16:2, 3, 5, 6, 7, 9, 10, 11, 12, 13, 14, 15, 16, 19, 20; 17:2, 4, 5, 7, 10, 11, 16, 19, 20, 22, 25; 18:2, 3, 4, 6, 7, 8, 9, 11, 13, 14, 15, 17, 18, 21, 22; 19:1, 3, 4, 5, 7, 9, 10, 11, 12, 13, 14; 20:1, 2, 4, 5, 6, 11, 12, 13, 14, 15, 16, 17; 21:1, 2, 4, 6, 7, 8, 10, 11, 12, 13; 22:1, 2, 3, 4, 6, 7, 8, 10, 11, 13, 15, 16, 18, 20, 22, 23, 24, 25, 26, 28, 30; 23:1, 2, 4, 7, 8, 9, 10, 11, 13, 14, 15, 16, 19, 21, 22, 25, 26, 27, 28, 30, 31, 32, 33, 34, 35, 36, 37, 39; 24:1, 7, 8, 9, 10; 25:1, 2, 3, 4, 5, 9, 10, 11, 12, 13, 14, 15, 17, 18, 19, 20, 21, 22, 24, 25, 26, 29, 30, 31, 32, 33, 34, 35, 36, 38; 26:1, 3, 5, 6, 7, 8, 9, 10, 11, 12, 15, 16, 17, 18, 19, 20, 21, 22, 23, 24; 27:1, 3, 4, 5, 6, 7, 8, 9, 11, 12, 13, 14, 15, 16, 17, 18, 20, 21; 28:1, 2, 3, 4, 5, 6, 7, 8, 9, 10, 11, 12, 14, 15, 17; 29:1, 2, 3, 4, 6, 7, 8, 14, 15, 16, 18, 19, 21, 22, 23, 25, 26, 27, 29, 32; 30:3, 6, 8, 9, 10, 11, 14, 16, 17, 20, 21, 22, 23; 31:1, 2, 4, 5, 6, 7, 8, 9, 10, 13, 14, 15, 16, 17, 20, 21, 22, 24, 27, 29, 30, 31, 32, 33, 34, 36, 37; 32:1, 2, 3, 4, 7, 8, 9, 10, 12, 16, 18, 19, 20, 22, 25, 28, 30, 32, 35, 36, 37, 38, 39, 42, 43, 44; 33:4, 5, 9, 10, 11, 12, 14, 17, 18, 21, 22, 24, 26; 34:1, 2, 3, 4, 5, 6, 7, 8, 9, 10, 11, 13, 14, 15, 16, 17, 18, 19, 20, 21, 22; 35:1, 2, 3, 4, 5, 6, 7, 8, 10, 11, 13, 14, 15, 16, 17, 18, 19; 36:1, 2, 3, 4, 6, 7, 8, 9, 10, 11, 12, 13, 14, 16, 19, 20, 21, 22, 24, 25, 26, 27, 28, 29, 30, 31, 32; 37:1, 2, 3, 4, 5, 6, 7, 10, 11, 12, 13, 14, 15, 17, 18, 19, 20, 21; 38:1, 3, 4, 5, 6, 7, 8, 9, 10, 11, 14, 16, 17, 18, 19, 22, 23, 24, 25, 26, 27; 39:1, 3, 4, 5, 6, 8, 9, 10, 11, 13, 14, 17; 40:1, 2, 5, 6, 7, 8, 9, 11, 13, 14, 15, 16; 41:1, 2, 3, 4, 5, 6, 7, 8, 9, 10, 11, 12, 13, 14, 15, 16, 18; 42:1, 2, 4, 5, 8, 11, 17, 18, 19; 43:1, 2, 3, 4, 5, 6, 9, 10, 12; 44:2, 3, 4, 7, 8, 9, 10, 15, 17, 19, 20, 21, 22, 24, 25, 26, 27, 30; 45:1; 46:1, 2, 4, 5, 6, 8, 9, 10, 11, 12, 13, 15, 16, 17, 19, 21, 22, 24, 25, 26, 27, 28; 47:1, 2, 3, 4; 48:2, 4, 5, 7, 8, 12, 13, 14, 15, 18, 19, 27, 31, 32, 36, 41, 42, 43, 46; 49:1, 2, 3, 4, 5, 6, 7, 8, 9, 10, 11, 14, 15, 18, 19, 20, 22, 24, 26, 28, 30, 31, 33, 34, 35, 36, 37, 38; 50:1, 2, 3, 4, 6, 7, 9, 11, 12, 16, 17, 18, 21, 23, 29, 30, 33, 34, 35, 36, 37, 40, 41, 42, 43, 44, 46; 51:2, 3, 4, 6, 7, 11, 12, 14, 17, 20, 21, 22, 23, 24, 27, 28, 29, 30, 31, 32, 33, 34, 35, 37, 41, 43, 44, 45, 46, 47, 48, 49, 51, 53, 56, 57, 58, 59, 62; 52:1, 3, 4, 5, 6, 7, 8, 9, 10, 11, 12, 13, 14, 15, 16, 19, 20, 24, 25, 26, 27, 28, 29, 30, 31, 32, 34
Lam 1:1, 2, 3, 4, 5, 6, 7, 9, 10, 11, 15, 16, 17, 18, 19, 21; 2:1, 2, 3, 4, 5, 6, 7, 8, 9, 10, 11, 12, 13, 14, 15, 16, 17, 18, 19, 20, 21, 22; 3:1, 14, 26, 27, 33, 34, 35, 36, 39, 45, 46, 48, 51, 52; 4:2, 3, 4, 6, 10, 12, 13, 14, 15, 16, 17, 19, 20, 21, 22; 5:2, 3, 7, 8, 11, 12, 13, 14
Ezek 1:1, 2, 3, 5, 8, 10, 24, 26; 2:1, 3, 4, 5, 6, 8; 3:1, 3, 4, 5, 6, 7, 9, 10, 11, 17, 18, 19, 20, 21, 25, 26, 27; 4:1, 3, 4, 5, 6, 12, 13, 15, 16; 5:1, 4, 5, 6, 7, 8, 10, 14, 15; 6:2, 4, 5, 8, 9, 11, 13; 7:2, 12, 13, 21, 22, 24, 26, 27; 8:1, 5, 6, 8, 10, 11, 12, 14, 15, 16, 17; 9:1, 2, 3, 4, 6, 9, 11; 10:2, 3, 6, 8, 14, 21; 11:1, 2, 4, 5, 9, 12, 13, 15, 16, 17, 20; 12:2, 3, 6, 9, 10, 12, 14, 15, 16, 18, 19, 22, 24, 25, 27; 13:2, 3, 4, 5, 9, 10, 16, 17, 18, 19, 21, 22, 23; 14:1, 3, 4, 5, 6, 7, 8, 9, 10, 11, 13, 14, 15, 16, 17, 18, 19, 20, 21, 22; 15:2, 3, 6; 16:2, 3, 5, 14, 15, 16, 17, 20, 21, 26, 27, 28, 30, 31, 32, 33, 34, 35, 36, 37, 38, 41, 44, 45, 46, 48, 49, 51, 52, 53, 55, 56, 57, 61; 17:2, 4, 9, 12, 13, 15, 16, 17, 21; 18:2, 4, 5, 6, 7, 8, 10, 11, 12, 14, 15, 16, 17, 18, 19, 20, 21, 23, 24, 25, 26, 27, 29, 30, 31; 19:1, 2, 3, 4, 6, 8, 9, 10; 20:1, 3, 4, 5, 7, 8, 9, 11, 13, 14, 18, 21, 22, 23, 24, 27, 30, 31, 32, 34, 35, 36, 38, 39, 40, 41, 42, 44, 46; 21:2, 3, 4, 6, 9, 10, 11, 12, 14, 19, 21, 22, 25, 28, 29, 31; 22:2, 4, 6, 7, 9, 10, 11, 12, 15, 16, 18, 24, 25, 26, 27, 28, 29, 30; 23:2, 4, 5, 6, 7, 9, 10, 11, 12, 14, 15, 16, 18, 19, 20, 22, 23, 24, 25, 30, 31, 32, 33, 36, 37, 39, 40, 42, 44, 45, 47, 48; 24:2, 3, 16, 17, 18, 19, 21, 22, 25; 25:2, 3, 4, 7, 8, 10, 12, 13, 14; 26:2, 3, 5, 6, 7, 8, 10, 11, 16, 17, 20; 27:2, 3, 4, 8, 9, 10, 11, 12, 13, 14, 15, 16, 17, 18, 20, 21, 22, 23, 24, 26, 27, 28, 29, 33, 35, 36; 28:2, 7, 9, 10, 12, 17, 19, 21, 24, 25; 29:2, 3, 6, 8, 11, 12, 13, 15, 16, 18, 19, 21; 30:2, 3, 5, 7, 8, 9, 10, 11, 12, 13, 17, 18, 21, 22, 23, 24, 25, 26; 31:2, 6, 11, 12, 14, 16, 17, 18; 32:2, 3, 9, 10, 11, 12, 13, 16, 18, 19, 23, 24, 25, 26, 27, 28, 29, 30, 31, 32; 33:2, 3, 6, 7, 8, 9, 10, 11, 12, 13, 14, 15, 17, 18, 19, 20, 24, 26, 30, 31, 33; 34:2, 5, 7, 8, 9, 10, 12, 13, 23, 24, 28, 29, 30, 31; 35:2, 5, 8, 10, 15; 36:1, 2, 3, 4, 5, 6, 7, 8, 10, 11, 12, 13, 14, 15, 17, 19, 20, 21, 22, 23, 24, 28, 30, 32, 36, 37, 38; 37:3, 9, 10, 11, 12, 13, 16, 18, 19, 21, 22, 23, 24, 25, 27, 28; 38:2, 3, 4, 6, 7, 8, 9, 12, 13, 14, 15, 16, 17, 20, 21, 22, 23; 39:1, 4, 7, 11, 12, 13, 14, 15, 17, 18, 20, 21, 22, 23, 25, 27, 28, 29; 40:3, 4, 5, 44, 45, 46; 41:19; 42:13, 14; 43:6, 7, 9, 10, 18, 19, 24, 27; 44:2, 3, 5, 6, 7, 8, 9, 11, 13, 14, 15, 19, 21, 22, 23, 25, 30, 31; 45:4, 5, 6, 7, 8, 9, 16, 17, 19, 22; 46:2, 3, 4, 8, 9, 10, 12, 16, 17, 18, 19, 20, 24; 47:3, 6, 10, 13, 14, 15, 20, 21, 22, 23; 48:1, 10, 11, 13, 19, 21, 22, 23, 29, 31
Dan 1:1, 2, 3, 4, 5, 6, 7, 8, 9, 10, 11, 12, 13, 15, 17, 18, 19, 20, 21; 2:2, 3, 4, 5, 7, 8, 10, 11, 12, 13, 14, 15, 16, 17, 18, 21, 23, 24, 25, 26, 27, 28, 29, 30, 31, 36, 37, 38, 41, 43, 44, 45, 46, 47, 48, 49; 3:1, 2, 3, 4, 5, 7, 9, 10, 12, 13, 16, 17, 18, 20, 21, 22, 23, 24, 25, 26, 27, 28, 29, 30; 4:1, 6, 7, 9, 16, 17, 18, 19, 22, 23, 24, 25, 27, 28, 30, 31, 32, 33, 35, 36; 5:1, 2, 3, 5, 6, 7, 8, 9, 10, 11, 12, 13, 15, 16, 17, 18, 19, 21, 22, 23, 29, 30, 31; 6:1, 2, 3, 4, 5, 6, 7, 8, 9, 11, 12, 13, 14, 15, 16, 17, 18, 19, 20, 21, 22, 23, 24, 25, 26; 7:1, 4, 8, 13, 14, 17, 18, 20, 21, 22, 23, 24, 25, 27; 8:1, 10, 11, 12, 13, 15, 16, 17, 20, 21, 22, 23, 24, 25, 27; 9:1, 2, 6, 7, 8, 10, 11, 12, 15, 16, 17, 19, 20, 21, 24, 26; 10:1, 5, 7, 11, 13, 14, 16, 17, 18, 19, 20, 21; 11:2, 3, 4, 5, 6, 7, 8, 9, 10, 11, 13, 14, 15, 17, 18, 20, 21, 22, 23, 24, 25, 26, 27, 32, 33, 36, 37, 38, 40, 41, 42; 12:1, 6, 7, 10
Hos 1:1, 2, 3, 4, 6, 7, 8, 9, 10, 11; 2:1, 2, 4, 5, 7, 10, 12, 13, 23; 3:1, 3, 4, 5; 4:1, 4, 5, 6, 8, 9, 12, 13, 14, 15, 18; 5:1, 2, 7, 9, 10, 12, 13, 14; 6:5, 7, 9, 10, 11; 7:1, 3, 4, 5, 6, 7, 8, 9, 12, 16; 8:3, 4, 6, 7, 9, 10; 9:1, 4, 7, 8, 10, 12, 13, 15, 17; 10:3, 5, 6, 7, 9, 10, 13, 14, 15; 11:1, 4, 5, 7, 9, 10, 12; 12:3, 7, 10, 12, 13; 13:2, 4, 10, 11, 13, 15, 16; 14:3, 9
Joel 1:1, 2, 3, 5, 6, 8, 9, 11, 12, 13, 14; 2:1, 2, 4, 5, 6, 7, 9, 11, 15, 16, 17, 18, 19, 20, 23, 25, 26, 27, 28, 29; 3:2, 3, 6, 8, 9, 11, 12, 16, 17, 19, 20
Amos 1:1, 2, 5, 8, 11, 13, 15; 2:1, 3, 4, 6, 7, 11, 12; 3:1, 2, 6, 7, 9, 11, 12; 4:1, 2, 5, 10, 13; 5:1, 2, 3, 4, 6, 11, 12, 13, 16, 19, 25; 6:1, 2, 9, 10, 14; 7:1, 8, 9, 10, 12, 13, 14, 15, 16, 17; 8:2, 4, 6, 10, 13; 9:3, 6, 7, 8, 9, 10, 12, 13, 14
Obad 1:1, 2, 5, 7, 8, 9, 10, 11, 12, 13, 15, 16, 17, 18, 20, 21
Jonah 1:1, 5, 6, 7, 8, 10, 13, 14, 16; 3:5, 6, 7, 8; 4:11
Mic 1:1, 2, 5, 7, 9, 11, 12, 13, 14, 15, 16; 2:2, 3, 4, 5, 7, 8, 9, 11, 12, 13; 3:1, 3, 5, 6, 7, 9, 11; 4:1, 2, 3, 4, 5, 7, 8, 9, 10, 11, 13; 5:1, 2, 3, 5, 7, 8, 9, 12, 15; 6:2, 3, 4, 5, 7, 8, 9, 10, 12, 16; 7:2, 3, 4, 5, 6, 8, 10, 14, 16, 20
Nah 1:2, 3, 8, 10, 11, 15; 2:2, 3, 7, 13; 3:3, 4, 5, 7, 9, 10, 11, 12, 13, 16, 17, 18, 19
Hab 1:1, 4, 5, 6, 8, 10, 13, 14, 17; 2:4, 5, 8, 9, 10, 13, 15, 17, 18; 3:1, 6, 9, 12, 13, 14, 16, 19
Zeph 1:1, 3, 4, 7, 8, 9, 11, 12, 14, 17; 2:1, 3, 5, 6, 7, 8, 9, 10, 11, 14; 3:3, 4, 6, 8, 9, 10, 12, 14, 15, 18, 20
Hag 1:1, 2, 3, 5, 7, 9, 11, 12, 13, 14, 15; 2:1, 2, 4, 6, 7, 8, 9, 10, 11, 12, 13, 14, 21, 22, 23
Zech 1:1, 2, 4, 5, 6, 7, 9, 15, 20, 21; 2:1, 4, 7, 8, 9, 10, 11; 3:1, 8, 10; 4:1, 4, 5, 13; 5:4, 7, 9; 6:4, 10, 11, 12, 13, 14; 7:1, 2, 3, 5, 7, 9, 10, 12, 13, 14; 8:4, 5, 6, 7, 8, 9, 10, 11, 12, 13, 14, 15, 16, 17, 19, 20, 21, 22, 23; 9:1, 5, 6, 7, 8, 9, 10, 11, 12, 13, 16, 17; 10:2, 3, 4, 5, 6, 7, 9; 11:3, 5, 6, 8, 10, 11, 13, 14, 15, 16, 17; 12:1, 2, 3, 4, 5, 6, 7, 8, 9, 10, 12, 13, 14; 13:1, 2, 3, 4, 5, 6, 7, 9; 14:2, 3, 5, 9, 10, 11, 12, 13, 14, 16, 17, 18, 19
Mal 1:2, 4, 6, 8, 9, 11, 14; 2:1, 7, 9, 10, 11, 12, 14, 15; 3:1, 2, 3, 5, 6, 7, 8, 9, 12, 15, 17, 18; 4:1, 3, 4, 5, 6
Matt 1:1, 2, 6, 11, 16, 18, 19, 20, 21, 22, 23, 24, 25; 2:1, 3, 4, 5, 6, 7, 8, 9, 11, 13, 14, 15, 16, 17, 18, 20, 21, 22, 23; 3:3, 9; 4:4, 8, 14, 16, 18, 19, 21, 22, 23, 24, 25; 5:1, 5, 9, 11, 12, 13, 15, 16, 17, 19, 20, 22, 23, 24, 25, 28, 31, 32, 40, 43, 44, 45, 46, 47; 6:1, 2, 5, 7, 12, 14, 15, 16, 18, 19, 20, 24; 7:3, 4, 5, 9, 11, 12, 15, 16, 24, 26, 28, 29; 8:2, 4, 5, 6, 8, 9, 12, 13, 14, 17, 19, 21, 22, 23, 25, 27, 28; 9:2, 3, 6, 8, 9, 10, 11, 12, 13, 14, 15, 16, 17, 18, 19, 20, 22, 23, 24, 25, 27, 28, 30, 32, 33, 34, 35, 36, 37, 38; 10:1, 2, 3, 6, 8, 10, 13, 17, 18, 21, 22, 24, 25, 32, 33, 35, 36, 37, 41, 42; 11:1, 2, 5, 8, 9, 10, 11, 13, 16, 19, 25, 27; 12:1, 2, 4, 5, 10, 11, 12, 13, 14, 17, 18, 19, 22, 23, 24, 25, 27, 29, 31, 35, 36, 38, 39, 41, 42, 43, 45, 46, 47, 48, 49, 50; 13:3, 10, 15, 17, 18, 19, 24, 25, 27, 28, 30, 31, 33, 35, 36, 38, 39, 43, 44, 45, 49, 52, 54, 55, 56, 57; 14:1, 2, 3, 5, 6, 8, 9, 11, 12, 13, 14, 15, 19, 21, 22, 26, 35; 15:1, 2, 4, 5, 6, 8, 9, 11, 12, 14, 18, 20, 22, 23, 26, 27, 28, 30, 31, 32, 33, 36, 38; 16:4, 5, 13, 14, 18, 20, 21, 23, 24, 26, 27; 17:1, 6, 8, 9, 10, 13, 14, 15, 16, 18, 19, 22, 25, 26; 18:1, 2, 3, 4, 5, 6, 7, 10, 12, 14, 15, 16, 17, 21, 23, 25, 26, 27, 28, 29, 31, 32, 33, 34, 35; 19:3, 5, 6, 8, 9, 10, 11, 12, 13, 14, 19, 20, 21, 22, 23, 24, 25, 26, 28, 29; 20:1, 2, 7, 8, 9, 10, 11, 13, 17, 18, 20, 21, 24, 25, 26, 27, 30; 21:1, 3, 4, 5, 6, 11, 12, 13, 14, 15, 16, 20, 23, 25, 26, 28, 30, 31, 32, 33, 34, 35, 36, 37, 38, 40, 41, 42, 43, 45, 46; 22:2, 3, 4, 6, 7, 8, 10, 11, 12, 13, 16, 24, 25, 27, 28, 31, 32, 35, 39, 40, 42, 44, 45, 46; 23:1, 2, 4, 5, 7, 8, 9, 10, 11, 13, 14, 15, 16, 17, 19, 23, 24, 25, 27, 28, 29, 30, 31, 32, 34, 35, 37; 24:1, 3, 4, 7, 9, 11, 14, 15, 19, 22, 23, 24, 30, 31, 36, 41, 43, 45, 46, 47, 48, 49, 50; 25:1, 4, 5, 6, 7, 8, 9, 10, 11, 14, 15, 18, 19, 20, 21, 22, 23, 24, 26, 27, 30, 32, 35, 37, 38, 40, 44, 46; 26:1, 3, 5, 6, 7, 8, 9, 10, 11, 13, 14, 17, 18, 19, 24, 26, 31, 33, 35, 36, 37, 40, 45, 47, 50, 51, 55, 56, 57, 58, 59, 60, 61, 62, 63, 65, 69, 71, 72, 74; 27:1, 2, 3, 6, 7, 9, 10, 11, 12, 14, 15, 16, 19, 20, 21, 23, 24, 25, 27, 32, 35, 38, 41, 44, 47, 52, 54, 55, 56, 57, 62, 63, 64; 28:4, 5, 7, 8, 9, 10, 11, 12, 13, 14, 16, 19
Mark 1:2, 16, 17, 19, 20, 22, 23, 30, 37, 40, 44; 2:4, 5, 6, 7, 9, 10, 14, 15, 16, 17, 18, 19, 20, 21, 22, 23, 26, 27; 3:1, 3, 5, 7, 9, 17, 18, 21, 22, 25, 27, 28, 31, 32, 33, 34, 35; 4:3, 14, 23, 26, 34, 41; 5:2, 3, 4, 8, 19, 20, 21, 22, 23, 24, 25, 26, 27, 30, 31, 33, 34, 35, 36, 37, 38, 39, 40, 41, 42, 43; 6:1, 2, 3, 4, 5, 12, 14, 15, 16, 17, 18, 20, 21, 22, 24, 25, 26, 27, 28, 29, 30, 33, 34, 35, 39, 41, 44, 45, 56; 7:1, 2, 3, 5, 6, 7, 8, 10, 11, 12, 14, 15, 16, 17, 18, 20, 21, 23, 24, 25, 26, 27, 28, 29, 30, 36, 37; 8:1, 2, 4, 6, 10, 14, 22, 23, 24, 25, 27, 28, 30, 31, 33, 34, 36, 37; 9:3, 8, 9, 10, 11, 14, 15, 16, 17, 18, 21, 24, 25, 28, 30, 31, 35, 36, 37, 39, 42; 10:1, 2, 7, 9, 10, 11, 12, 13, 14, 15, 19, 21, 23, 24, 25, 27, 29, 30, 33, 35, 43, 44, 46, 49, 51; 11:1, 2, 3, 10, 14, 15, 16, 17, 18, 27, 30, 32; 12:1, 2, 4, 6, 7, 9, 10, 12, 14, 19, 20, 21, 22, 23, 25, 26, 27, 28, 31, 32, 33, 34, 35, 36, 37, 38, 40, 41, 42, 43; 13:1, 5, 8, 9, 10, 12, 13, 14, 17, 20, 21, 22, 27, 32, 34, 35; 14:1, 2, 3, 5, 7, 10, 12, 13, 14, 16, 21, 27, 32, 41, 43, 47, 48, 51, 53, 54, 55, 60, 61, 63, 65, 66, 69, 71; 15:1, 3, 6, 10, 11, 15, 16, 21, 24, 27, 28, 31, 39, 40, 41, 43, 44, 45, 47; 16:1, 5, 7, 8, 18
Luke 1:2, 5, 7, 8, 9, 10, 13, 15, 16, 17, 18, 21, 24, 25, 27, 28, 31, 32, 34, 36, 38, 41, 42, 43, 44, 48, 51, 53, 54, 55, 57, 58, 59, 60, 61, 62, 66, 67, 68, 69, 70, 71, 72, 73, 74, 76, 77, 80; 2:2, 5, 7, 8, 10, 12, 14, 15, 16, 17, 18, 20, 21, 25, 27, 29, 31, 32, 33, 34, 36, 37, 40, 41, 43, 44, 46, 48, 51, 52; 3:1, 2, 4, 8, 10, 12, 14, 15, 18, 19, 21, 23, 24, 25, 26, 27, 28, 29, 30, 31, 32, 33, 34, 35, 36, 37, 38; 4:4, 5, 17, 18, 20, 22, 23, 24, 25, 26, 27, 33, 38, 40, 42; 5:1, 2, 3, 7, 8, 10, 12, 14, 17, 18, 20, 21, 24, 27, 29, 30, 31, 32, 33, 34, 35, 36, 37, 39; 6:1, 4, 6, 7, 8, 10, 13, 14, 15, 16, 17, 20, 22, 23, 26, 27, 30, 31, 32, 33, 34, 35, 38, 39, 40, 41, 42, 44, 45, 48, 49; 7:1, 2, 3, 5, 6, 7, 8, 9, 10, 11, 12, 14, 15, 16, 18, 19, 20, 21, 22, 24, 25, 26, 27, 28, 29, 30, 31, 32, 34, 35, 37, 39, 41, 44, 45, 46, 50; 8:2, 3, 4, 5, 9, 16, 19, 20, 21, 22, 25, 27, 29, 33, 35, 38, 40, 41, 42, 43, 46, 47, 48, 49, 51, 54, 56; 9:1, 2, 7, 8, 10, 11, 13, 14, 16, 18, 19, 21, 22, 23, 25, 30, 32, 36, 37, 38, 40, 41, 42, 43, 44, 47, 48, 52, 54, 56, 57, 59, 60, 62; 10:2, 4, 5, 6, 7, 9, 19, 21, 22, 23, 24, 25, 27, 29, 30, 31, 35, 36, 38, 39, 40; 11:1, 5, 6, 7, 8, 11, 13, 14, 19, 21, 24, 26, 27, 29, 31, 32, 33, 40, 44, 45, 46, 47, 48, 49, 50, 52, 53; 12:1, 4, 8, 9, 11, 13, 14, 15, 16, 20, 22, 30, 33, 36, 37, 38, 39, 42, 43, 44, 45, 46, 47, 48, 52, 53, 54, 58; 13:2, 4, 6, 8, 11, 12, 14, 15, 16, 17, 19, 21, 27, 28, 33, 34; 14:2, 3, 8, 9, 10, 12, 13, 14, 16, 17, 20, 21, 22, 23, 24, 26, 27, 30, 31, 32, 33, 35; 15:1, 2, 4, 6, 7, 8, 9, 10, 11, 12, 13, 15, 16, 17, 18, 19, 20, 21, 22, 24, 25, 26, 27, 28, 29, 30, 31, 32; 16:1, 2, 3, 5, 8, 9, 12, 13, 15, 16, 18, 19, 20, 21, 22, 24, 25, 27, 28, 29, 30, 31; 17:1, 2, 3, 5, 7, 9, 10, 12, 14, 18, 22, 27, 32, 34, 35, 36; 18:1, 2, 3, 4, 5, 6, 7, 10, 11, 13, 14, 15, 16, 17, 18, 20, 22, 25, 27, 29, 31, 35, 36, 43; 19:2, 3, 7, 8, 9, 12, 13, 14, 15, 16, 17, 18, 20, 21, 22, 25, 27, 29, 30, 31, 33, 37, 39, 43, 44, 46, 47, 48; 20:1, 4, 6, 9, 10, 11, 13, 14, 15, 16, 17, 19, 20, 21, 26, 28, 29, 30, 31, 32, 33, 34, 35, 36, 37, 38, 39, 41, 43, 44, 45, 46, 47; 21:1, 2, 3, 10, 12, 15, 16, 17, 20, 23, 24, 25, 26, 38; 22:2, 4, 6, 10, 11, 14, 22, 25, 26, 30, 32, 37, 39, 45, 47, 50, 52, 54, 56, 57, 58, 59, 60, 63, 66; 23:2, 4, 5, 6, 10, 11, 12, 13, 14, 18, 23, 27, 28, 32, 33, 35, 36, 37, 39, 41, 47, 48, 49, 50, 52, 53, 55; 24:4, 5, 7, 10, 18, 19, 20, 22, 24, 25, 27, 44, 46, 47, 48
John 1:4, 6, 7, 9, 12, 13, 18, 19, 21, 23, 25, 30, 35, 37, 40, 41, 42, 45; 2:1, 2, 3, 4, 5, 8, 9, 10, 11, 12, 17, 22, 24, 25; 3:1, 2, 3, 4, 5, 10, 13, 19, 22, 25, 26, 27, 29, 32; 4:1, 2, 5, 7, 8, 9, 11, 12, 15, 16, 17, 18, 19, 20, 21, 23, 25, 27, 28, 29, 31, 33, 38, 39, 42, 44, 46, 47, 49, 50, 51, 53; 5:3, 5, 7, 9, 12, 13, 15, 21, 22, 23, 25, 34, 41; 6:2, 3, 5, 8, 9, 10, 11, 12, 14, 15, 16, 22, 24, 31, 42, 44, 45, 46, 49, 50, 51, 52, 58, 60, 61, 65, 66, 71; 7:3, 4, 5, 10, 12, 13, 15, 17, 20, 22, 23, 26, 27, 30, 31, 32, 37, 40, 42, 43, 44, 45, 46, 48, 49, 51, 52, 53; 8:2, 3, 4, 9, 10, 11, 15, 17, 20, 31, 33, 34, 35, 37, 38, 39, 40, 41, 44, 51, 52, 53, 55, 56; 9:1, 2, 3, 4, 6, 8, 11, 16, 17, 18, 19, 20, 22, 23, 24, 25, 27, 28, 29, 30, 31, 32; 10:1, 2, 3, 5, 8, 9, 10, 12, 13, 16, 18, 21, 28, 29, 33, 41; 11:1, 2, 3, 5, 7, 8, 9, 10, 11, 12, 16, 19, 21, 23, 28, 32, 37, 39, 41, 42, 47, 48, 49, 50, 51, 52, 54, 57; 12:1, 4, 5, 6, 8, 9, 10, 12, 15, 16, 17, 18, 21, 26, 29, 31, 32, 34, 36, 38, 42, 43, 47; 13:2, 5, 16, 22, 23, 26, 28, 29, 33, 35; 14:6, 23, 30; 15:6, 8, 13, 14, 15, 20, 24; 16:11, 17, 21, 22, 29, 30, 32; 17:6, 12; 18:1, 2, 3, 10, 12, 13, 14, 15, 16, 17, 18, 19, 22, 24, 25, 26, 29, 30, 31, 35, 36, 37, 40; 19:2, 5, 6, 12, 15, 21, 23, 24, 25, 26, 27, 32, 34, 38, 41; 20:2, 3, 4, 8, 9, 10, 13, 15, 17, 18, 19, 20, 25, 26, 30; 21:1, 2, 4, 5, 7, 8, 12, 14, 15, 16, 17, 20, 21, 23, 24
Acts 1:2, 8, 10, 11, 13, 14, 15, 16, 18, 19, 20, 21, 22, 24, 25, 26; 2:5, 6, 8, 9, 10, 13, 14, 16, 17, 18, 22, 29, 30, 32, 35, 37, 39, 41, 42, 43, 45, 47; 3:2, 9, 11, 12, 13, 14, 15, 16, 17, 18, 21, 22, 23, 24, 25; 4:1, 2, 4, 5, 6, 8, 9, 10, 11, 12, 13, 14, 15, 16, 17, 21, 22, 23, 25, 26, 27, 29, 32, 33, 34, 35, 36, 37; 5:1, 2, 4, 6, 7, 9, 10, 11, 12, 13, 14, 15, 16, 17, 18, 20, 21, 22, 23, 24, 25, 26, 27, 28, 29, 30, 32, 34, 35, 36, 37, 38, 40, 41; 6:1, 2, 3, 5, 6, 7, 8, 9, 11, 12, 13, 15; 7:1, 2, 3, 4, 5, 6, 7, 8, 9, 10, 11, 12, 13, 14, 15, 16, 17, 18, 19, 20, 21, 23, 25, 26, 27, 29, 32, 34, 35, 37, 38, 39, 42, 44, 45, 48, 51, 52, 58; 8:1, 2, 3, 6, 9, 10, 12, 14, 18, 27, 28, 30, 31, 32, 34, 36, 38, 39; 9:1, 2, 7, 8, 10, 12, 13, 14, 15, 17, 19, 21, 25, 26, 27, 30, 31, 32, 33, 36, 38, 39, 41, 43; 10:1, 2, 4, 5, 6, 7, 17, 19, 21, 22, 23, 24, 26, 28, 30, 32, 34, 35, 36, 39, 41, 42, 43, 47; 11:1, 3, 11, 12, 13, 14, 20, 22, 24, 26, 27, 29, 30; 12:1, 2, 4, 5, 6, 11, 12, 13, 17, 18, 19, 20, 22; 13:1, 5, 6, 7, 8, 10, 12, 15, 16, 17, 19, 20, 21, 22, 23, 24, 26, 27, 30, 31, 32, 33, 34, 36, 38, 40, 41, 43, 45, 50, 52; 14:2, 4, 5, 8, 11, 12, 13, 14, 15, 16, 18, 19, 20, 22, 23, 27, 28; 15:1, 2, 3, 4, 5, 6, 7, 10, 12, 13, 14, 15, 17, 22, 23, 25, 26, 30, 32, 33, 36, 40, 41; 16:1, 2, 3, 4, 5, 9, 13, 14, 15, 16, 17, 19, 20, 22, 23, 25, 27, 30, 31, 35, 36, 38, 40; 17:3, 4, 5, 6, 7, 8, 9, 10, 11, 12, 13, 14, 17, 18, 21, 22, 25, 26, 28, 29, 30, 31, 32, 34; 18:2, 3, 7, 8, 10, 12, 13, 15, 17, 18, 22, 23, 24, 25, 27; 19:1, 4, 7, 9, 12, 13, 14, 16, 19, 24, 25, 26, 29, 30, 31, 32, 33, 35, 37, 38, 39, 41; 20:1, 7, 9, 12, 17, 26, 28, 29, 30, 32, 33; 21:4, 5, 7, 8, 9, 10, 11, 16, 17, 18, 20, 21, 23, 26, 27, 28, 30, 31, 32, 33, 34, 35, 36, 37, 38, 39, 40; 22:1, 3, 4, 5, 12, 13, 14, 15, 20, 22, 24, 25, 26, 27, 28, 29, 30; 23:1, 2, 4, 5, 6, 7, 9, 10, 14, 15, 16, 17, 18, 19, 20, 21, 22, 23, 24, 26, 27, 28, 30, 31, 32, 33, 34, 35; 24:1, 2, 5, 7, 8, 10, 12, 14, 15, 16, 17, 20, 21, 22, 23, 24; 25:2, 5, 11, 12, 13, 14, 15, 16, 17, 18, 22, 23, 24, 26, 27; 26:2, 4, 5, 6, 7, 8, 10, 12, 13, 16, 17, 19, 22, 23, 26, 27, 30, 31, 32; 27:1, 3, 6, 10, 11, 21, 22, 25, 27, 30, 31, 32, 37, 42, 43; 28:2, 4, 7, 8, 14, 15, 16, 17, 19, 21, 22, 23, 25, 26, 27, 31
Rom 1:1, 2, 3, 4, 5, 7, 9, 13, 14, 17, 18, 22, 23, 26, 27, 29, 30, 31; 2:1, 3, 6, 9, 10, 11, 13, 16, 19, 20, 21, 22, 29; 3:4, 5, 7, 21, 26, 28; 4:1, 6, 8, 11, 12, 13, 14, 16, 17, 18, 24; 5:7, 8, 10, 12, 15, 17, 18, 19; 6:4, 6, 9, 13, 16, 17, 18, 19, 20, 22; 7:1, 2, 3, 4, 22, 24; 8:9, 11, 12, 14, 16, 17, 19, 21, 24, 27, 29, 33, 37; 9:3, 5, 7, 8, 9, 10, 11, 12, 20, 21, 25, 26, 27, 29; 10:1, 5, 7, 9, 10, 14, 19, 21; 11:1, 2, 3, 4, 13, 15, 25, 28, 34; 12:1, 3, 13, 16, 17, 18, 19, 20; 13:3, 4, 6, 8, 9, 10; 14:4, 5, 7, 9, 10, 13, 15, 18, 20, 21; 15:2, 8, 10, 11, 14, 15, 16, 20, 25, 26, 27, 30, 31; 16:1, 2, 3, 4, 5, 7, 9, 10, 11, 13, 14, 15, 16, 17, 18, 19, 21, 23, 26
1Cor 1:1, 2, 10, 11, 16, 19, 20, 25, 26, 27; 2:1, 4, 5, 6, 8, 9, 11, 13, 14, 15; 3:1, 3, 5, 8, 9, 10, 11, 12, 13, 14, 15, 17, 18, 19, 20, 21; 4:1, 2, 3, 5, 6, 8, 9, 10, 14, 15, 16, 17; 5:1, 9, 10, 11, 13; 6:1, 2, 4, 5, 6, 8, 9, 10, 15, 16, 18; 7:1, 2, 3, 4, 7, 8, 10, 11, 12, 13, 14, 15, 16, 17, 18, 20, 21, 22, 23, 24, 25, 26, 27, 28, 29, 32, 33, 34, 36, 37, 39; 8:2, 3, 5, 7, 10, 11, 12, 13; 9:1, 2, 5, 8, 10, 12, 13, 15, 19, 22, 23, 25; 10:1, 7, 10, 13, 15, 17, 18, 21, 24, 28, 29, 30, 32, 33; 11:1, 2, 3, 4, 5, 6, 7, 8, 9, 10, 11, 12, 13, 14, 15, 16, 18, 22, 28, 33, 34; 12:1, 3, 7, 11, 28, 29; 13:1, 3, 11; 14:2, 3, 4, 5, 6, 11, 12, 19, 20, 21, 23, 26, 27, 28, 29, 32, 33, 34, 35, 37, 38, 39; 15:1, 6, 7, 9, 12, 13, 15, 16, 19, 20, 21, 23, 25, 26, 29, 32, 35, 36, 39, 42, 45, 47, 50, 52, 58; 16:1, 9, 11, 12, 13, 15, 19, 20, 22
2Cor 1:1, 7, 8, 9, 11, 24; 2:6, 10, 13; 3:2, 6, 7, 13; 4:2, 5, 16; 5:11, 16, 17, 20; 6:1, 4, 8, 10, 13, 14, 15, 16, 18; 7:2; 8:1, 4, 12, 13, 18, 19, 20, 21, 22, 23, 24; 9:1, 3, 5, 7, 9, 10, 12, 13; 10:7, 15, 16; 11:2, 5, 8, 9, 10, 13, 15, 16, 19, 20, 22, 23, 26, 28, 32; 12:2, 3, 4, 6, 7, 11, 12, 13, 14, 18, 19; 13:1, 5, 6, 7, 11, 13
Gal 1:1, 2, 9, 10, 11, 12, 13, 14, 15, 16, 17, 19, 22; 2:4, 6, 8, 9, 10, 15, 16, 17, 18; 3:7, 8, 11, 12, 15, 16, 19, 20, 24, 25, 26, 28, 29; 4:1, 2, 3, 4, 5, 6, 7, 12, 16, 19, 22, 23, 25, 26, 27, 28, 30, 31; 5:3, 11, 13, 14; 6:1, 3, 4, 5, 7, 10, 17, 18
Eph 1:1, 5, 6, 15, 18, 20, 22; 2:2, 3, 9, 12, 15, 19, 20; 3:1, 5, 6, 7, 8, 9, 10, 15, 16, 18, 21; 4:1, 8, 11, 12, 13, 14, 22, 24, 25, 29; 5:1, 3, 5, 6, 7, 8, 13, 14, 15, 22, 23, 24, 25, 27, 28, 29, 31, 32, 33; 6:1, 2, 4, 5, 6, 7, 8, 9, 10, 12, 16, 18, 20, 21, 23
Phil 1:1, 7, 12, 14, 28; 2:4, 7, 8, 12, 15, 20, 22, 25; 3:1, 2, 4, 5, 6, 11, 13, 17, 18; 4:1, 3, 5, 8, 15, 21, 22
Col 1:1, 2, 4, 7, 12, 15, 18, 21, 23, 24, 25, 26, 28; 2:4, 8, 12, 16, 18, 22; 3:6, 9, 10, 12, 13, 18, 19, 20, 21, 22, 23, 25; 4:1, 6, 7, 9, 10, 11, 12, 14, 15, 16
1Thess 1:1, 4, 5, 6, 10; 2:1, 4, 5, 6, 7, 9, 10, 11, 13, 14, 15, 17; 3:2, 3, 7, 12, 13; 4:1, 6, 8, 10, 13, 16; 5:1, 2, 3, 4, 5, 12, 14, 15, 25, 26, 27
2Thess 1:1, 3, 4, 10; 2:1, 3, 13, 15; 3:1, 2, 6, 8, 11, 13, 14, 15
1Tim 1:1, 2, 7, 8, 9, 10, 13, 15, 17, 18; 2:1, 2, 4, 5, 7, 8, 9, 10, 11, 12, 14; 3:1, 2, 3, 4, 5, 6, 8, 10, 11, 12, 13, 15; 4:6, 7, 10, 12, 14; 5:1, 2, 3, 4, 5, 8, 9, 10, 11, 13, 14, 16, 17, 18, 19, 22, 24; 6:1, 2, 3, 5, 9, 11, 12, 15, 16
2Tim 1:1, 2, 3, 5, 8, 11, 16; 2:1, 2, 3, 4, 5, 6, 8, 9, 10, 14, 15, 21, 24; 3:2, 3, 4, 6, 8, 9, 13, 15, 17; 4:1, 3, 5, 8, 14, 16, 19, 21
Titus 1:1, 4, 5, 6, 7, 8, 9, 10, 11, 12, 14, 15; 2:2, 3, 4, 5, 6, 9, 11, 14, 15; 3:1, 2, 4, 7, 8, 10, 13
Phlm 1:1, 2, 5, 7, 9, 10, 16, 17, 20, 23, 24
Heb 1:1, 2, 3, 7, 9, 13, 14; 2:6, 9, 10, 11, 12, 13, 14, 16, 17; 3:1, 3, 4, 5, 6, 9, 12, 14; 4:9, 11, 14, 15; 5:1, 3, 4, 5, 6, 9, 10, 12, 13; 6:2, 4, 9, 10, 12, 16, 17, 20; 7:1, 2, 3, 4, 5, 8, 10, 11, 12, 13, 14, 15, 17, 20, 21, 23, 24, 26, 27, 28; 8:1, 2, 3, 4, 6, 8, 9, 10, 11; 9:6, 7, 11, 15, 16, 17, 19, 25, 27; 10:1, 2, 11, 12, 13, 15, 19, 21, 27, 28, 30, 33, 38; 11:2, 6, 7, 9, 10, 11, 13, 17, 18, 19, 21, 22, 23, 24, 25, 27, 28, 31, 32, 33, 34, 35; 12:1, 3, 5, 6, 7, 8, 9, 10, 14, 15, 16, 23, 24; 13:2, 4, 6, 11, 12, 20, 22, 23, 24
Jas 1:1, 2, 5, 7, 8, 9, 10, 11, 12, 13, 14, 16, 19, 20, 22, 23, 24, 25, 26, 27; 2:1, 2, 3, 4, 5, 6, 8, 9, 11, 14, 15, 18, 20, 21, 23, 24, 25; 3:1, 2, 4, 7, 8, 9, 10, 12, 13; 4:4, 6, 8, 11, 12; 5:1, 3, 4, 6, 7, 9, 10, 12, 14, 15, 16, 17, 19, 20
1Pet 1:1, 3, 10, 14, 17, 18, 21, 22, 24; 2:2, 4, 5, 7, 9, 10, 11, 12, 13, 14, 15, 16, 17, 18, 19; 3:1, 4, 5, 6, 7, 8, 12, 13, 15, 16, 18, 19, 20, 22; 4:2, 5, 6, 9, 10, 11, 12, 13, 15, 16, 17, 18; 5:1, 2, 3, 5, 8, 9, 12, 13, 14
2Pet 1:1, 4, 10, 16, 21; 2:1, 5, 7, 8, 10, 14, 15, 16, 19; 3:1, 2, 3, 4, 7, 8, 9, 10, 11, 14, 15, 17
1John 1:10; 2:1, 4, 7, 9, 10, 11, 12, 13, 14, 15, 18, 22, 27, 28; 3:1, 2, 3, 7, 9, 10, 12, 13, 14, 15, 16, 17, 18, 21; 4:1, 4, 7, 11, 12, 20, 21; 5:2, 9, 10, 16, 21
2John 1:1, 4, 5, 7, 11, 13
3John 1:1, 2, 3, 4, 5, 6, 8, 9, 10, 11, 12, 14
Jude 1:1, 3, 4, 5, 8, 14, 15, 16, 17, 18, 20
Rev 1:1, 4, 5, 6, 7, 9, 11, 20; 2:1, 2, 7, 8, 11, 12, 13, 14, 17, 18, 20, 23, 26, 27, 29; 3:1, 3, 6, 7, 8, 11, 13, 14, 20, 22; 4:4, 7, 10; 5:3, 4, 5, 6, 8, 9, 10, 11, 14; 6:11, 15; 7:3, 4, 5, 6, 7, 8, 9, 11, 13, 14; 8:3, 4, 11, 13; 9:4, 5, 6, 7, 8, 10, 11, 15, 16, 18, 20; 10:7, 11; 11:3, 5, 9, 10, 12, 13, 15, 16, 18; 12:1, 2, 4, 5, 6, 10, 12, 13, 14, 15, 16, 17; 13:7, 9, 10, 13, 16, 17, 18; 14:2, 3, 4, 6, 8, 9, 12, 13; 15:3, 4, 8; 16:2, 3, 6, 8, 9, 12, 14, 15, 18, 19, 21; 17:2, 5, 6, 10, 12, 14, 15, 18; 18:3, 4, 7, 9, 11, 13, 15, 17, 20, 22, 23, 24; 19:1, 2, 4, 5, 7, 8, 10, 12, 14, 15, 16, 18, 19; 20:3, 5, 6, 8, 9, 12, 13; 21:2, 3, 7, 8, 9, 12, 14, 17, 24, 26; 22:2, 3, 6, 9, 12, 15, 16, 17, 18, 19
