# Every verse containing General Times (#733e1d) - 10,383 verses
# Format: Book chapter:verse, verse; chapter:verse ...  (verse 0 = psalm title)

Gen 1:1, 7, 9, 11, 14, 15, 24, 27, 30; 2:4, 5, 23; 3:1, 5, 6, 19, 22, 23, 24; 4:2, 3, 8, 11, 12, 14, 25, 26; 5:2, 4, 7, 10, 13, 16, 19, 22, 26, 30, 32; 6:1, 3, 4, 5, 9, 13, 22; 7:1, 4, 6, 10; 8:3, 5, 6, 7, 9, 10, 11, 12, 13, 21, 22; 9:9, 11, 12, 14, 15, 16, 20, 28; 10:1, 8, 10, 18, 32; 11:2, 6, 8, 10, 11, 13, 15, 17, 19, 21, 23, 25; 12:1, 4, 6, 11, 12, 14, 19; 13:3, 6, 7, 10, 11, 14, 15, 16, 18; 14:1, 14, 16, 17; 15:1, 5, 9, 11, 12, 14, 15, 16, 17; 16:1, 2, 3, 4, 5, 6, 16; 17:1, 5, 7, 8, 9, 10, 12, 13, 17, 19, 21, 24, 25; 18:2, 3, 5, 11, 12, 13, 15, 19, 21, 22, 27, 29, 31, 32, 33; 19:1, 2, 4, 5, 7, 8, 9, 11, 15, 16, 17, 18, 19, 20, 22, 23, 24, 27, 29, 31, 33, 34, 35, 37, 38; 20:7, 8, 9, 13, 17; 21:2, 4, 5, 6, 7, 14, 22, 23, 26, 32, 33; 22:1, 2, 3, 4, 5, 8, 12, 14, 19, 20; 23:1, 16, 19; 24:1, 5, 6, 8, 12, 14, 15, 19, 20, 22, 30, 33, 36, 41, 42, 43, 45, 46, 49, 50, 52, 55, 64, 67; 25:1, 6, 8, 11, 13, 20, 22, 24, 26, 31, 33, 34; 26:8, 12, 13, 18, 22, 26, 28, 29, 31, 32, 33, 34; 27:1, 2, 3, 4, 5, 7, 8, 9, 10, 20, 23, 26, 30, 33, 34, 36, 37, 40, 41, 43, 44, 45; 28:6, 9, 15, 18, 21; 29:1, 3, 7, 8, 9, 10, 13, 14, 23, 25, 26, 27, 28, 30, 31, 32, 33, 34, 35; 30:1, 7, 9, 14, 19, 20, 21, 25, 30, 31, 33, 38, 41, 42; 31:2, 5, 7, 10, 12, 13, 14, 16, 17, 21, 25, 28, 30, 32, 33, 34, 36, 41, 42, 43, 44, 48, 49, 54, 55; 32:2, 4, 7, 10, 17, 18, 19, 20, 21, 24, 25, 28, 32; 33:3, 6, 10, 14, 15, 16, 18; 34:2, 5, 7, 12, 16, 25; 35:1, 2, 6, 7, 9, 10, 12, 17, 18, 20, 22, 29; 36:9, 31; 37:2, 3, 4, 5, 8, 9, 14, 18, 20, 22, 23, 28, 32; 38:1, 4, 5, 9, 11, 15, 17, 21, 24, 25, 26, 27, 28, 29, 30; 39:5, 7, 10, 11, 13, 15, 16, 18, 19; 40:1, 4, 7, 13, 14, 16, 20, 21; 41:1, 3, 6, 8, 9, 13, 14, 19, 21, 23, 27, 30, 32, 33, 39, 46, 49, 50, 54, 55, 57; 42:1, 13, 20, 21, 24, 25, 32, 34, 35, 37; 43:2, 6, 7, 9, 10, 11, 12, 13, 16, 21, 26, 27, 28, 34; 44:3, 4, 5, 8, 10, 11, 12, 13, 14, 17, 18, 20, 23, 24, 25, 28, 30, 31, 32, 33; 45:1, 3, 5, 6, 7, 8, 11, 15, 19, 21, 24, 26, 27, 28; 46:4, 29, 30, 33, 34; 47:1, 4, 8, 13, 15, 18, 20, 23, 24, 26, 28, 29; 48:1, 4, 5, 6, 7, 10, 15, 17, 18, 21; 49:3, 4, 10, 17, 26, 33; 50:3, 4, 5, 11, 14, 15, 16, 17, 20, 21, 23, 26
Exod 1:1, 5, 6, 8, 10, 16, 19, 21; 2:2, 3, 5, 6, 7, 11, 12, 13, 15, 16, 18, 23; 3:1, 3, 4, 9, 10, 12, 13, 15, 18, 20, 21; 4:6, 7, 8, 9, 10, 12, 14, 18, 21, 24, 25, 31; 5:1, 5, 7, 8, 11, 13, 14, 15, 18, 19, 22, 23; 6:1, 9, 16, 19, 28; 7:5, 6, 7, 9, 10, 11, 20, 22, 25; 8:7, 8, 9, 15, 17, 18, 19, 20, 24, 26, 29; 9:1, 13, 15, 17, 18, 19, 24, 28, 29, 30, 34; 10:3, 6, 7, 8, 9, 10, 11, 13, 14, 15, 16, 17, 20, 26, 28, 29; 11:1, 2, 6, 8, 10; 12:2, 4, 6, 10, 12, 13, 14, 15, 17, 18, 21, 22, 23, 24, 25, 26, 27, 28, 29, 33, 34, 36, 40, 41, 42, 44, 48, 50, 51; 13:3, 4, 5, 8, 10, 11, 14, 15, 17; 14:4, 10, 13, 18, 20, 24, 25, 26, 27, 28; 15:1, 15, 16, 18, 19, 23, 25; 16:1, 3, 4, 5, 8, 10, 13, 14, 15, 17, 18, 19, 20, 21, 22, 23, 24, 27, 28, 32, 33, 34, 35, 36; 17:1, 6, 8, 11, 12, 16; 18:1, 2, 11, 13, 14, 16, 19, 22, 23, 26; 19:1, 5, 9, 13, 16, 19; 20:5, 12, 18; 21:1, 6, 12, 19, 22, 29, 36; 22:6, 11, 27, 29; 23:4, 14, 15, 16, 17, 18, 30; 24:4, 9, 14; 25:9, 30, 33; 27:8, 20, 21; 28:7, 29, 30, 35, 38, 43; 29:7, 9, 20, 28, 29, 30, 36, 38, 39, 41, 42; 30:7, 8, 10, 12, 14, 15, 20, 21, 23, 31; 31:13, 16, 17, 18; 32:1, 4, 5, 6, 10, 13, 17, 19, 21, 25, 26, 29, 30, 32, 34; 33:4, 5, 7, 8, 9, 11, 13, 16, 22; 34:4, 9, 11, 22, 24, 25, 29, 30, 32, 33, 34, 35; 36:1, 3, 6, 13; 37:19; 38:26; 39:32, 42, 43; 40:15, 16, 17, 32, 34, 36, 37
Lev 3:17; 4:6, 17, 20, 27; 5:12, 17; 6:13, 18, 20, 21, 22, 27; 7:7, 15, 34, 35, 36; 8:11, 33, 34, 35; 9:1, 24; 10:3, 9, 13, 15, 19, 20; 11:7, 24, 25, 27, 28, 31, 32, 39, 40; 12:4, 6; 13:6, 7, 11, 16, 20, 35, 40, 41, 55, 56; 14:7, 8, 13, 16, 19, 21, 27, 36, 39, 43, 46, 48, 51, 57; 15:5, 6, 7, 8, 10, 11, 16, 17, 18, 19, 21, 22, 23, 27, 28, 31; 16:1, 2, 4, 14, 15, 16, 17, 19, 20, 23, 26, 28, 29, 31, 34; 17:7, 15; 18:19, 28; 19:6, 13, 26, 32; 20:2, 4; 21:17; 22:3, 4, 6, 7, 16, 28, 30; 23:2, 3, 4, 5, 6, 7, 8, 11, 12, 14, 15, 16, 21, 22, 24, 27, 31, 32, 34, 35, 36, 37, 39, 41, 43, 44; 24:2, 3, 4, 8, 9, 16, 19, 20; 25:8, 9, 15, 22, 23, 28, 29, 30, 34, 46, 48, 51, 52; 26:4, 10, 15, 17, 18, 21, 24, 25, 26, 28, 34, 35, 36, 37, 43, 44; 27:3, 5, 6, 7, 12, 14, 18, 20, 21
Num 1:1, 3, 18, 19, 20, 22, 24, 26, 28, 30, 32, 34, 36, 38, 40, 42, 45, 51, 54; 2:5, 7, 14, 17, 22, 29, 34; 3:1, 4, 15, 22, 28, 34, 39, 40, 43; 4:3, 5, 7, 15, 19, 20, 23, 26, 30, 35, 39, 43, 47; 5:4, 6, 7, 15, 21, 25, 26, 27, 29, 30, 31; 6:2, 5, 7, 9, 12, 13, 19, 20, 21; 7:1, 84, 88, 89; 8:2, 3, 4, 7, 8, 15, 19, 20, 22, 24, 25; 9:1, 2, 3, 5, 7, 10, 11, 13, 14, 15, 16, 17, 18, 19, 20, 21, 22; 10:3, 5, 6, 7, 8, 10, 11, 28, 34, 35, 36; 11:1, 2, 4, 6, 9, 10, 20, 23, 25, 31, 32, 33; 12:3, 4, 6, 7, 12, 13, 14, 15, 16; 13:20, 22, 25, 30, 33; 14:5, 11, 13, 15, 17, 19, 22, 25, 27, 28, 29, 33, 40, 41, 45; 15:2, 4, 8, 9, 12, 14, 15, 18, 19, 20, 21, 23, 24, 28, 32, 38; 16:1, 4, 30, 31, 42, 46, 47, 49; 17:5, 8, 10, 11; 18:5, 8, 11, 16, 19, 22, 23, 26, 30, 32; 19:2, 4, 7, 8, 10, 13, 14, 19, 21, 22; 20:1, 3, 8, 10, 15, 16, 17, 29; 21:1, 8, 9, 17, 22, 26, 35; 22:4, 6, 8, 11, 15, 19, 20, 22, 25, 27, 28, 29, 30, 31, 32, 33, 34, 36, 38, 41; 23:10, 15, 16, 17, 24; 24:1, 10, 11, 14, 17, 20, 22, 23, 24; 25:1, 7, 11, 13, 14; 26:1, 2, 4, 9, 10, 61, 62, 64; 27:1, 11, 13; 28:2, 3, 4, 6, 8, 10, 11, 15, 23, 24, 26, 31; 29:11, 16, 19, 22, 25, 28, 31, 34, 38; 30:6, 15, 16; 31:2, 5, 17, 24, 43; 32:1, 8, 9, 11, 13, 14, 15, 17, 18, 21, 22, 23, 31; 33:3, 7, 38, 39, 51, 52, 55, 56; 34:2, 3; 35:10, 11, 12, 16, 19, 21, 22, 24, 28, 29, 32; 36:3, 4, 10
Deut 1:3, 4, 5, 6, 8, 10, 11, 15, 19, 22, 25, 29, 31, 35, 41, 43, 46; 2:1, 3, 5, 8, 10, 12, 13, 14, 15, 16, 18, 19, 20, 22, 24, 25, 29, 30, 31, 32; 3:1, 3, 14, 20, 21, 24, 29; 4:1, 4, 5, 7, 8, 10, 19, 20, 25, 26, 30, 32, 33, 37, 38, 39, 40, 41, 42, 45, 46; 5:1, 3, 16, 23, 24, 25, 28, 29, 30, 33; 6:1, 2, 6, 7, 24; 7:4, 9, 11, 12, 19, 20, 22, 23, 24; 8:1, 4, 5, 11, 12, 13, 16, 18, 19, 20; 9:1, 3, 4, 7, 8, 9, 11, 15, 21, 23; 10:8, 12, 13, 15, 16, 22; 11:1, 2, 4, 5, 8, 9, 12, 13, 14, 19, 26, 27, 28, 29, 32; 12:4, 8, 9, 10, 19, 20, 22, 25, 28, 30, 31; 13:2, 5, 9, 11, 16, 18; 14:8, 23, 24, 28; 15:1, 3, 4, 5, 10, 11, 17, 18; 16:3, 4, 6, 9, 10, 13, 16; 17:5, 7, 9, 13, 16, 20; 18:5, 10, 14, 16, 19, 22; 19:4, 5, 6, 9, 10, 14, 17, 19, 20; 20:3, 5, 6, 9, 18, 19, 20; 21:3, 6, 9, 13, 16, 17, 18, 21; 22:1, 2, 3, 4, 5, 7, 8, 14, 17, 21, 22, 24, 26; 23:2, 3, 4, 6, 8, 11; 24:1, 3, 4, 5, 8, 9, 13, 19, 20, 21; 25:4, 9, 17, 18; 26:3, 7, 10, 12, 16, 17, 18; 27:1, 4, 9, 10, 12; 28:1, 6, 12, 13, 14, 15, 19, 20, 21, 22, 24, 29, 32, 33, 34, 45, 46, 48, 49, 50, 51, 52, 54, 55, 59, 61, 63, 67, 68; 29:4, 5, 10, 12, 15, 18, 19, 22, 25, 28, 29; 30:1, 2, 8, 9, 11, 15, 16, 17, 18, 19; 31:2, 10, 11, 13, 17, 19, 20, 21, 24, 27, 29, 30; 32:5, 7, 8, 12, 17, 19, 20, 29, 35, 36, 39, 40, 42, 45, 46, 47; 33:1, 5, 11, 12, 15, 25, 27; 34:5, 6, 7, 8, 10
Josh 1:1, 2, 5, 10, 15, 17; 2:5, 7, 10, 11, 12, 14, 15, 16, 18, 21, 22, 23; 3:1, 2, 3, 4, 7, 8, 12, 13, 14, 17; 4:1, 3, 4, 6, 7, 8, 9, 10, 11, 18, 21, 22, 23, 24; 5:1, 2, 4, 5, 6, 8, 9, 10, 11, 12, 13, 14, 15; 6:1, 3, 4, 5, 8, 10, 11, 12, 13, 14, 15, 16, 18, 20, 25, 27; 7:4, 6, 8, 12, 13, 16, 19, 21, 22, 25, 26; 8:3, 5, 6, 7, 8, 10, 11, 13, 14, 19, 20, 21, 22, 24, 25, 26, 28, 29, 30, 33, 34; 9:1, 3, 4, 5, 6, 11, 12, 13, 16, 17, 19, 22, 23, 25, 26, 27; 10:1, 7, 9, 11, 12, 13, 14, 20, 22, 23, 24, 26, 27, 29, 33, 39, 40; 11:1, 5, 7, 8, 10, 14, 15, 16, 18, 23; 12:1; 13:1, 2, 7, 13; 14:5, 6, 7, 9, 10, 11, 12, 14, 15; 15:7, 15, 18, 63; 16:4, 10; 17:8, 13, 14; 18:2, 3, 4, 8, 9, 21; 19:49, 51; 20:4, 5, 6, 9; 21:1, 40, 45; 22:1, 3, 4, 6, 7, 10, 12, 16, 17, 18, 21, 22, 25, 26, 27, 28, 29, 30, 31, 32; 23:1, 2, 8, 9, 13, 14, 15, 16; 24:2, 5, 7, 9, 10, 14, 15, 20, 23, 25, 28, 29, 31
Judg 1:1, 3, 7, 8, 9, 10, 11, 14, 21, 23, 25, 26, 28, 35; 2:1, 4, 6, 8, 10, 14, 17, 18, 19, 21; 3:1, 2, 9, 12, 14, 15, 18, 19, 20, 22, 23, 24, 25, 26, 27, 30, 31; 4:1, 11, 14, 15, 18, 20, 21, 22, 23, 24; 5:1, 2, 4, 7, 8, 13, 21, 22, 26, 28, 31; 6:3, 4, 7, 13, 17, 18, 20, 21, 22, 24, 25, 27, 28, 29, 30, 31, 33, 38, 39, 40; 7:1, 3, 4, 5, 8, 9, 11, 13, 15, 17, 18, 19, 24; 8:1, 2, 3, 4, 6, 7, 9, 10, 12, 13, 15, 18, 20, 21, 22, 28, 32, 33; 9:5, 7, 12, 14, 16, 18, 19, 22, 23, 30, 32, 33, 36, 37, 38, 42, 46, 49, 50, 54, 55; 10:1, 3, 4, 6, 9, 13, 15, 17, 18; 11:1, 3, 4, 5, 7, 8, 9, 10, 11, 13, 14, 16, 17, 18, 21, 23, 24, 25, 26, 27, 29, 31, 32, 33, 35, 39; 12:2, 3, 4, 5, 6, 7, 8, 10, 11, 13; 13:1, 3, 4, 5, 6, 7, 8, 9, 12, 15, 17, 19, 20, 21, 25; 14:2, 3, 5, 8, 10, 11, 12, 15, 17, 18; 15:1, 3, 5, 6, 7, 9, 11, 13, 14, 15, 17, 18, 19; 16:2, 3, 4, 7, 8, 9, 10, 11, 12, 15, 16, 18, 19, 20, 22, 23, 24, 25, 27, 28, 30, 31; 17:3, 6, 10, 13; 18:1, 2, 3, 7, 10, 12, 14, 18, 21, 22, 26, 30; 19:1, 3, 4, 5, 7, 8, 9, 11, 14, 15, 16, 17, 18, 21, 22, 23, 24, 25, 26, 28, 29, 30; 20:1, 3, 9, 10, 11, 13, 22, 23, 25, 26, 27, 28, 30, 31, 36, 38, 39, 40, 41, 46, 48; 21:1, 2, 3, 4, 6, 14, 16, 19, 22, 23, 25
Ruth 1:1, 6, 9, 11, 12, 13, 14, 17, 18, 19, 21, 22; 2:2, 5, 7, 8, 9, 10, 11, 13, 15, 17, 18, 20, 21, 23; 3:1, 2, 3, 4, 7, 8, 10, 11, 12, 13, 14, 15, 16, 18; 4:1, 3, 5, 7, 8, 9, 10, 13, 14, 15, 18
1Sam 1:1, 4, 7, 8, 9, 12, 13, 14, 16, 17, 18, 19, 20, 22, 23, 24, 28; 2:3, 5, 12, 13, 14, 15, 16, 19, 21, 22, 27, 30, 32, 33, 35, 36; 3:1, 2, 3, 5, 6, 7, 8, 9, 10, 12, 13, 14, 15, 16, 17, 21; 4:1, 2, 3, 4, 5, 6, 7, 13, 14, 15, 18, 19; 5:2, 3, 4, 5, 7, 9, 10, 11; 6:4, 6, 7, 10, 16, 18, 21; 7:2, 4, 7, 11, 12, 13; 8:1, 2, 4, 5, 6, 8, 9; 9:1, 3, 4, 5, 6, 7, 8, 9, 10, 12, 13, 14, 15, 17, 18, 20, 21, 24, 25, 26, 27; 10:1, 2, 3, 5, 7, 8, 9, 10, 11, 13, 14, 19, 20, 21, 22, 23, 25; 11:1, 4, 6, 7, 8, 11, 13, 14; 12:2, 5, 7, 8, 9, 10, 12, 13, 16, 18, 20; 13:1, 6, 7, 10, 12, 13, 14, 19, 22; 14:1, 8, 9, 15, 17, 19, 21, 22, 23, 24, 26, 27, 28, 29, 30, 33, 36, 38, 40, 43, 44, 45, 46, 47, 49, 52; 15:1, 2, 3, 6, 7, 10, 12, 16, 17, 18, 25, 28, 30, 31, 32, 33, 34, 35; 16:1, 6, 8, 9, 10, 11, 12, 13, 15, 16, 17, 18, 23; 17:1, 10, 11, 12, 13, 17, 19, 20, 24, 27, 28, 29, 30, 31, 35, 42, 45, 46, 48, 50, 51, 52, 55; 18:1, 2, 3, 6, 10, 15, 19, 21, 22, 26, 29, 30; 19:2, 7, 8, 12, 14, 15, 16, 17, 18, 20, 21, 22, 23; 20:2, 4, 5, 10, 12, 13, 14, 15, 16, 17, 18, 19, 23, 24, 25, 27, 29, 30, 31, 34, 35, 36, 37, 41, 42; 21:1, 3, 5, 6, 7, 14; 22:1, 3, 4, 5, 6, 7, 8, 9, 11, 12, 13, 14, 15, 17, 22; 23:1, 4, 5, 6, 10, 12, 13, 17, 19, 20, 22, 23, 25; 24:1, 2, 4, 5, 7, 8, 10, 11, 14, 16, 18, 19, 20, 21; 25:3, 7, 9, 10, 12, 15, 16, 17, 18, 20, 21, 22, 23, 25, 26, 27, 30, 31, 32, 33, 35, 36, 37, 38, 39, 40; 26:2, 6, 7, 8, 10, 11, 12, 13, 14, 16, 19, 20, 21, 24, 25; 27:1, 4, 5, 6, 8, 11, 12; 28:1, 2, 3, 5, 6, 7, 11, 12, 15, 16, 18, 20, 22, 23, 25; 29:1, 3, 4, 6, 7, 8, 10, 11; 30:1, 3, 4, 9, 10, 12, 13, 16, 17, 21, 22, 23, 24, 25, 26; 31:1, 4, 5, 6, 7, 8, 11
2Sam 1:1, 2, 7, 9, 10, 11, 12; 2:1, 2, 6, 7, 10, 14, 15, 16, 20, 22, 23, 24, 26, 28, 30, 31; 3:1, 6, 8, 9, 11, 13, 16, 17, 18, 20, 23, 24, 26, 27, 28, 30, 34, 35, 38, 39; 4:1, 3, 4, 7, 8, 10, 11; 5:1, 2, 3, 4, 9, 13, 17, 22, 23, 24, 25; 6:1, 3, 6, 8, 10, 11, 12, 13, 15, 18, 19, 20, 22; 7:1, 2, 4, 6, 8, 10, 11, 12, 13, 16, 17, 18, 19, 24, 25, 26, 28, 29; 8:1, 2, 5, 6, 9, 10, 13; 9:1, 2, 3, 5, 6, 7, 9, 10, 11, 13; 10:1, 2, 5, 6, 7, 9, 14, 15, 17, 19; 11:1, 2, 7, 10, 12, 13, 14, 16, 18, 19, 20, 22, 25, 26, 27; 12:10, 18, 19, 20, 21, 22, 23, 28, 31; 13:1, 2, 5, 6, 7, 8, 11, 13, 15, 17, 18, 20, 21, 23, 24, 25, 26, 28, 29, 30, 31, 33, 34, 35, 36, 38; 14:1, 2, 3, 4, 7, 10, 11, 12, 13, 14, 15, 17, 18, 21, 23, 24, 25, 26, 28, 29, 31, 32, 33; 15:1, 2, 5, 6, 7, 8, 9, 10, 12, 14, 19, 20, 24, 25, 28, 29, 32, 34, 37; 16:1, 2, 4, 5, 7, 9, 10, 11, 12, 16, 19, 20, 22, 23; 17:1, 2, 3, 5, 6, 9, 12, 13, 15, 16, 17, 20, 21, 22, 23, 24, 26, 27; 18:3, 5, 6, 12, 14, 18, 19, 20, 21, 22, 23, 29, 31; 19:3, 5, 6, 7, 8, 9, 10, 13, 14, 15, 20, 22, 24, 25, 28, 29, 30, 32, 34, 35, 37, 39, 40; 20:2, 3, 4, 5, 6, 8, 10, 12, 13, 16, 17, 18, 21, 22, 23; 21:1, 2, 9, 10, 12, 14, 15, 16, 17, 18, 19, 20, 21; 22:4, 5, 8, 35, 37, 38, 43, 45, 51; 23:1, 4, 5, 9, 10; 24:1, 2, 3, 8, 10, 11, 13, 14, 15, 16, 17, 24, 25
1Kgs 1:1, 3, 5, 6, 12, 13, 14, 15, 17, 18, 20, 21, 22, 23, 24, 25, 27, 28, 30, 31, 35, 36, 37, 38, 40, 41, 42, 45, 48; 2:1, 7, 8, 9, 12, 16, 20, 23, 24, 28, 29, 30, 33, 38, 39, 41, 45; 3:1, 2, 6, 7, 9, 11, 12, 13, 16, 18, 20, 21, 23, 26, 27; 5:1, 3, 4, 6, 7, 18; 6:1, 7, 20, 22, 26, 27; 7:7, 9, 18, 22, 24, 38, 40; 8:1, 8, 9, 10, 11, 12, 13, 16, 21, 24, 25, 26, 30, 32, 33, 34, 35, 36, 39, 42, 45, 46, 48, 49, 53, 54, 59, 61; 9:1, 3, 5, 7, 10, 11, 13, 21, 25; 10:1, 2, 4, 5, 7, 8, 9, 12, 14, 22, 29; 11:4, 7, 15, 16, 17, 19, 21, 22, 24, 29, 30, 36, 39, 40; 12:2, 4, 5, 6, 7, 11, 12, 16, 18, 19, 20, 21, 25, 26, 27; 13:4, 6, 9, 11, 15, 17, 20, 23, 24, 26, 31, 33; 14:4, 5, 6, 9, 10, 12, 14, 17, 21, 25, 28, 29; 15:1, 3, 4, 7, 18, 21, 22, 23, 25, 29, 31, 33; 16:1, 5, 8, 11, 14, 18, 20, 21, 22, 23, 25, 27, 29, 30, 31, 33; 17:7, 10, 13, 14, 17, 21, 22, 24; 18:1, 3, 4, 10, 11, 12, 13, 14, 17, 19, 21, 22, 26, 27, 28, 29, 36, 37, 38, 39, 43, 44, 45; 19:2, 3, 4, 6, 7, 11, 12, 13, 15, 20, 21; 20:5, 7, 9, 10, 12, 13, 14, 15, 25, 26, 29, 31, 32, 33, 34, 36, 37; 21:1, 5, 7, 13, 14, 15, 16, 27; 22:1, 2, 6, 8, 9, 11, 12, 13, 16, 22, 23, 25, 27, 32, 33, 35, 36, 39, 41, 42, 43, 45, 49, 51
2Kgs 1:1, 4, 5, 6, 9, 11, 13, 14, 18; 2:1, 8, 9, 10, 11, 12, 14, 15, 16, 17, 18, 20, 21, 22; 3:1, 5, 15, 17, 20, 21, 22, 23, 24, 26, 27; 4:1, 3, 4, 6, 7, 8, 9, 10, 12, 13, 14, 15, 16, 17, 18, 20, 22, 23, 24, 25, 26, 27, 28, 29, 31, 32, 35, 36, 37, 38, 40, 41, 43; 5:1, 6, 7, 8, 10, 13, 14, 15, 17, 18, 21, 22, 24, 26, 27; 6:1, 4, 8, 10, 15, 18, 20, 21, 23, 24, 25, 29, 30, 31, 32, 33; 7:1, 2, 3, 4, 5, 8, 9, 12, 17, 18, 19, 20; 8:1, 3, 5, 6, 11, 15, 16, 17, 19, 22, 25, 26, 29; 9:2, 3, 5, 11, 12, 13, 14, 15, 18, 19, 20, 22, 25, 26, 27, 29, 30, 34, 36, 37; 10:2, 6, 7, 8, 9, 10, 11, 15, 17, 19, 21, 24, 25, 27, 32, 34; 11:1, 2, 6, 13, 14, 21; 12:1, 6, 7, 8, 10, 17; 13:1, 5, 8, 10, 14, 17, 19, 21, 23, 25; 14:2, 3, 4, 5, 7, 8, 15, 17, 19, 21, 22, 23, 28; 15:1, 2, 5, 12, 13, 16, 17, 23, 27, 32, 33, 36, 37; 16:1, 2, 5, 6, 11, 12, 19; 17:1, 5, 7, 20, 23, 25, 27, 28, 34, 37, 40, 41; 18:1, 2, 5, 9, 10, 13, 17, 18, 19, 20, 21, 23, 25, 26, 28, 32, 37; 19:1, 3, 9, 19, 20, 25, 26, 30, 35, 37; 20:2, 3, 4, 5, 14, 17, 19; 21:1, 3, 6, 7, 8, 11, 15, 16, 17, 19, 25; 22:1, 3, 9, 11, 14, 19, 20; 23:17, 25, 28, 29, 31, 36; 24:5, 7, 8, 18, 20; 25:1, 4, 11, 23, 25, 27, 29, 30
1Chr 1:10, 29, 32, 43, 44, 45, 46, 47, 48, 49, 50; 2:19, 21, 24, 34, 42; 3:1; 4:22, 40, 41, 43; 5:1, 7, 12, 22, 26; 6:15, 31, 32, 54; 7:1, 2, 4, 9, 23; 8:1, 8, 28; 9:2, 9, 18, 20, 25, 34; 10:1, 4, 5, 7, 8, 9, 11; 11:1, 2, 15; 12:1, 15, 18, 19, 22, 29, 32; 13:3, 4, 7, 9, 11; 14:1, 4, 8, 11, 12, 13, 14, 15; 15:2, 26, 29; 16:2, 5, 6, 7, 11, 15, 17, 19, 20, 33, 34, 36, 37, 40, 41; 17:1, 2, 3, 5, 7, 9, 10, 11, 12, 14, 15, 17, 22, 23, 24, 26, 27; 18:1, 5, 6, 9; 19:1, 5, 6, 8, 10, 15, 16, 17, 19; 20:1, 3, 4, 5, 6, 7; 21:3, 8, 12, 13, 15, 16, 18, 20, 22, 27, 28, 29; 22:1, 5, 6, 10, 11, 13, 14, 19; 23:1, 3, 13, 14, 24, 25, 26, 27, 30, 31; 24:1, 7; 25:9; 26:10, 14, 31; 27:1, 23, 24; 28:2, 4, 7, 8, 9, 10, 11, 20; 29:1, 2, 5, 6, 9, 10, 13, 14, 17, 18, 20, 21, 23, 25, 28, 29, 30
2Chr 1:2, 9, 10, 11, 12, 13, 17; 2:3, 4, 7, 11, 13, 15, 17; 3:1, 2, 3; 4:3, 9; 5:2, 9, 10, 11, 13, 14; 6:1, 2, 5, 7, 15, 16, 17, 21, 23, 25, 26, 27, 29, 30, 31, 33, 35, 39, 40, 41; 7:1, 3, 4, 5, 6, 15, 16, 18, 20, 21; 8:1, 8, 12, 13, 14, 16, 17; 9:1, 3, 6, 7, 8, 11, 13, 21, 29; 10:2, 4, 5, 6, 7, 12, 16, 18, 19; 11:1, 20; 12:1, 2, 5, 7, 11, 12, 13, 15; 13:1, 5, 7, 8, 9, 13, 14, 15, 17, 20; 14:6, 7, 10; 15:2, 3, 4, 5, 8, 9, 19; 16:2, 5, 6, 9, 10, 12; 17:10, 15, 16, 18; 18:1, 2, 7, 10, 11, 14, 15, 16, 18, 20, 21, 22, 23, 24, 25, 26, 30, 31, 32, 34; 19:4, 7, 8, 10; 20:1, 2, 5, 6, 7, 9, 10, 14, 20, 21, 22, 23, 24, 25, 26, 27, 29, 31, 33, 34, 35, 37; 21:1, 4, 5, 7, 9, 10, 15, 17, 18, 19, 20; 22:2, 4, 6, 7, 8, 9, 10, 11; 23:7, 11, 12, 13, 14, 15, 17, 21; 24:1, 4, 10, 11, 14, 15, 17, 19, 22, 23, 25, 27; 25:1, 3, 5, 10, 14, 16, 17, 19, 25, 26, 27; 26:1, 2, 3, 5, 15, 16, 19, 22; 27:1, 2, 7, 8; 28:1, 7, 10, 11, 12, 13, 17, 22, 26; 29:1, 5, 10, 11, 12, 17, 18, 20, 22, 25, 27, 28, 29, 31, 34, 36; 30:5, 6, 8, 9, 13, 15, 18, 21, 26, 27; 31:1, 3, 5, 7, 8, 9, 10, 11, 12, 15, 16, 17, 21; 32:1, 2, 9, 15, 16, 17, 18, 21, 23, 24, 25, 26, 32; 33:1, 3, 4, 6, 7, 8, 12, 13, 14, 17, 18, 19, 21; 34:1, 3, 6, 7, 8, 9, 14, 16, 18, 19, 22, 26, 27, 28, 29; 35:3, 5, 12, 14, 17, 20, 21, 25, 26; 36:1, 2, 5, 8, 9, 10, 11, 15, 16, 17, 20, 21, 22
Ezra 1:1, 5; 2:1, 63, 68; 3:1, 2, 4, 5, 6, 8, 9, 10, 11, 12, 13; 4:1, 2, 4, 5, 6, 9, 13, 14, 15, 16, 17, 19, 21, 22, 23, 24; 5:1, 2, 4, 5, 9, 11, 12, 16, 17; 6:1, 4, 5, 6, 8, 13, 16, 17, 21, 22; 7:1, 9, 11; 8:1, 16, 21, 24, 29, 31, 33; 9:1, 2, 3, 4, 7, 8, 9, 10, 12, 13, 14, 15; 10:1, 2, 3, 5, 6, 9, 11, 12, 14, 16
Neh 1:1, 4, 6, 9, 10, 11; 2:1, 2, 3, 4, 6, 7, 9, 10, 14, 15, 16, 17, 18, 19, 20; 3:1, 6; 4:1, 3, 7, 10, 11, 12, 15, 16, 18, 21; 5:5, 6, 7, 8, 11, 12, 15, 18; 6:1, 3, 4, 5, 7, 8, 9, 10, 13, 16, 17; 7:1, 3, 4, 6, 65, 73; 8:3, 5, 9, 10, 14, 17, 18; 9:1, 4, 5, 10, 11, 18, 19, 21, 22, 25, 27, 28, 29, 30, 32, 36; 10:1, 33, 34, 38, 39; 11:3, 17; 12:1, 23, 27, 31, 43, 46; 13:1, 3, 4, 5, 6, 9, 11, 12, 13, 17, 18, 19, 21, 26, 31
Esth 1:1, 2, 4, 5, 8, 10, 13, 14, 17, 18, 19, 20; 2:1, 2, 4, 5, 7, 8, 12, 13, 14, 15, 17, 18, 19, 20, 21, 23; 3:1, 2, 3, 4, 5, 12; 4:1, 4, 5, 10, 13, 15, 16; 5:1, 2, 3, 4, 5, 7, 9, 10, 13, 14; 6:3, 4, 6, 10, 11, 12, 13, 14; 7:2, 3, 5, 6, 8, 9, 10; 8:3, 4, 7, 9; 9:1, 12, 13, 14, 23, 25, 27, 28, 29, 31; 10:3
Job 1:3, 5, 6, 7, 9, 11, 13, 16, 17, 18, 20; 2:1, 5, 9, 11, 12; 3:1, 9, 11, 13, 16, 22, 24, 26; 4:1, 5, 7, 12, 13, 15, 20; 5:1, 3, 7, 12, 21, 26, 27; 6:3, 5, 10, 11, 17, 21, 28, 29; 7:3, 4, 7, 8, 9, 10, 13, 15, 16, 19, 20, 21; 8:1, 2, 5, 6, 7, 8, 12, 15, 21; 9:1, 2, 10, 15, 16, 21, 23, 25, 30, 31, 35; 10:8, 9, 15, 16, 21; 11:1, 3, 17; 12:7, 14, 23; 13:6, 9, 15, 18, 19, 22, 26; 14:2, 6, 7, 8, 9, 12, 13, 14, 16, 20; 15:1, 7, 10, 29, 32; 16:1, 3, 7, 19, 22; 17:3, 6, 10, 11, 15, 16; 18:1, 2, 20; 19:1, 2, 3, 6, 23, 24, 25, 26; 20:1, 4, 7, 9, 11, 14, 15, 23; 21:3, 4, 6, 7, 17, 21, 25, 32; 22:1, 15, 18, 21, 24, 29; 23:1, 7, 10, 15; 24:1, 5, 12, 19, 20, 23, 24, 25; 25:1; 26:10; 27:3, 5, 6, 8, 9, 10; 28:3, 26; 29:2, 3, 4, 5, 6, 7, 11, 18, 22, 23; 30:1, 2, 3, 9, 16, 17, 26; 31:13, 14, 18, 21, 26, 29; 32:2, 3, 4, 5, 6, 9, 11, 14, 15, 16, 19, 22; 33:2, 14, 15, 20, 25, 29; 34:15, 16, 25, 28, 29, 31, 32, 36; 35:14, 15; 36:2, 7, 13, 14, 16, 20; 37:4, 8, 15, 17, 21; 38:1, 3, 4, 7, 8, 9, 12, 32, 38, 40, 41; 39:1, 2, 3; 40:3, 6, 7, 10, 14, 15, 16; 41:4, 8, 10, 16, 25; 42:1, 5, 7, 8, 10, 11, 12, 15, 16, 17
Ps 1:3, 4; 2:5, 6, 7, 10, 12; 3:0; 4:1, 2, 3; 5:11; 6:3, 7, 10; 7:2, 9; 8:3; 9:3, 5, 6, 7, 9, 12, 18; 10:1, 5, 6, 9, 11, 15, 16, 18; 12:5, 6, 7, 8; 13:1, 2, 4; 14:5, 7; 15:5; 16:7, 8, 11; 17:11, 15; 18:3, 7, 15, 34, 37, 42, 44, 50; 19:9; 20:6, 9; 21:4, 6, 12, 13; 22:1, 2, 9, 24, 26, 30; 23:6; 24:6, 7, 9; 25:6, 7, 15; 26:6; 27:2, 6, 7, 8, 10; 28:2, 9; 29:10; 30:5, 6, 9, 12; 31:1, 13, 15, 22; 32:3, 4, 6; 33:3, 11; 34:0, 1; 35:13, 17, 25, 27, 28; 36:2; 37:2, 3, 10, 18, 21, 25, 26, 27, 28, 29, 33, 34, 36, 37, 38; 38:6, 12, 16, 17; 39:1, 3, 4, 5, 7, 11, 13; 40:3, 7, 11, 12, 16, 17; 41:5, 6, 8, 12, 13; 42:1, 2, 3, 4, 8, 10; 43:4; 44:1, 8, 15, 22, 23; 45:2, 6, 11, 17; 46:5; 48:5, 8, 10, 13, 14; 49:5, 8, 9, 11, 16, 17, 18, 19; 50:8, 18, 22; 51:0, 3, 4, 13, 19; 52:0, 1, 5, 8, 9; 53:6; 54:0; 55:19, 22; 56:0, 6, 9; 57:0, 1, 8; 58:3, 5, 7, 8, 9, 10; 59:0, 6, 14; 60:0, 1; 61:2, 4, 6, 7, 8; 62:3, 8, 11; 63:0, 1, 2, 4, 6; 64:4, 7; 65:9; 66:7, 14; 67:6; 68:2, 7, 9, 14, 16, 22, 30, 31, 33; 69:3, 10, 23; 70:4; 71:1, 3, 6, 9, 14, 18, 20, 23, 24; 72:5, 7, 12, 15, 17, 19; 73:3, 14, 15, 16, 17, 20, 23, 24, 26; 74:1, 2, 3, 6, 9, 10, 12, 17, 19, 23; 75:2, 9; 76:7, 9; 77:4, 5, 7, 8, 11, 13; 78:2, 4, 6, 8, 21, 30, 34, 39, 40, 42, 53, 56, 59, 60, 63, 65, 66, 69, 71; 79:5, 8, 13; 80:3, 4, 7, 12, 19; 81:3, 5, 14, 15; 82:2; 83:4, 15, 17; 84:3; 85:5, 6, 8; 86:12; 87:6; 88:5, 15; 89:1, 2, 4, 9, 19, 28, 29, 35, 36, 37, 45, 46, 49, 52; 90:1, 2, 4, 10, 11, 13, 14; 91:16; 92:7, 8, 14; 93:2, 5; 94:3, 4, 7, 8, 13, 18; 95:9, 10; 96:1; 98:1; 100:5; 101:2, 8; 102:0, 2, 4, 12, 16, 18, 22, 24, 25, 26, 27, 28; 103:5, 9, 11, 12, 13, 15, 16, 17; 104:5, 9, 19, 23, 27, 31, 33, 35; 105:4, 8, 10, 12, 13, 19, 38; 106:1, 3, 9, 12, 13, 30, 31, 32, 33, 43, 44, 48; 107:1, 2, 6, 13, 19, 26, 28, 29, 30, 38, 39, 41; 108:2; 109:7, 10, 13, 15, 17, 18, 19, 23, 25, 28; 110:1, 3, 4; 111:3, 5, 8, 9, 10; 112:2, 3, 6, 8, 9; 113:2; 114:1; 115:2, 8, 18; 116:2, 4, 14, 18; 117:2; 118:1, 2, 3, 4, 25, 29; 119:6, 7, 20, 27, 32, 33, 44, 52, 60, 67, 74, 82, 84, 88, 89, 90, 91, 93, 96, 98, 109, 111, 112, 117, 134, 142, 144, 152, 160, 164, 171; 120:6, 7; 121:8; 122:1, 8; 123:2; 124:1, 2, 3; 125:1, 2; 126:1, 2, 4, 6; 127:2, 4; 129:1, 2, 6; 131:3; 132:5, 12, 14; 133:3; 135:13, 18; 136:1, 2, 3, 4, 5, 6, 7, 8, 9, 10, 11, 12, 13, 14, 15, 16, 17, 18, 19, 20, 21, 22, 23, 24, 25, 26; 137:1; 138:3, 4, 8; 139:15, 16, 18, 24; 140:2, 10; 141:1, 6, 7, 10; 142:0, 3; 143:3, 5; 144:9, 12; 145:1, 2, 4, 13, 15, 21; 146:2, 6, 10; 147:20; 148:6; 149:1
Prov 1:7, 22, 26, 27, 28; 2:2, 9, 10, 17, 19; 3:2, 4, 10, 22, 23, 24, 25, 27, 28; 4:8, 12; 5:7, 11, 18, 19; 6:3, 8, 9, 10, 11, 14, 15, 21, 22, 30; 7:12, 14, 18, 19, 22, 23, 24; 8:17, 22, 23, 24, 25, 26, 27, 28, 29, 30, 32; 9:10; 10:5, 25, 27, 30; 11:2, 7, 10; 12:16, 19; 13:12, 24; 14:7, 17; 15:7, 15, 23, 33; 16:7, 15, 18; 17:14, 17, 28; 18:3, 12, 13; 19:13, 17, 18, 19, 20, 24; 20:14, 17, 21, 30; 21:11, 26, 27; 22:6, 19, 28; 23:1, 7, 10, 16, 17, 18, 22, 30, 31, 35; 24:14, 16, 17, 22, 27, 29, 32, 33, 34; 25:8, 15, 16, 17; 26:1, 15, 25; 27:14, 15, 20, 24; 28:1, 2, 12, 14, 16, 18, 23, 28; 29:1, 2, 11, 14, 16; 30:7, 11, 12, 13, 14, 15, 22, 23, 25; 31:7, 11, 15, 23
Eccl 1:4, 6, 7, 9, 10, 11, 16; 2:1, 3, 7, 9, 11, 12, 13, 14, 15, 16, 18; 3:1, 11, 14, 15, 19, 20, 22; 4:2, 4, 7, 8, 10, 11, 13, 16; 5:1, 4, 11, 16; 6:2, 3, 10, 12; 7:2, 6, 8, 10, 14, 15, 17, 22; 8:7, 10, 12, 13, 14, 15, 16, 17; 9:2, 3, 5, 6, 7, 8, 12, 15, 16; 10:1, 3, 13, 14, 16, 17; 11:1, 5; 12:1, 2, 3, 4, 5, 6, 7, 12
Song 1:12; 2:2, 3, 7, 11, 17; 3:2, 4, 5; 4:6; 5:6, 9; 7:8, 12, 13; 8:1, 4, 8
Isa 1:5, 12, 13, 14, 15, 18, 21, 26; 2:2, 4, 12, 19, 21; 3:6, 24; 4:3, 4; 5:1, 3, 4, 5, 8, 11, 17, 25; 6:5, 6, 8, 11, 13; 7:1, 3, 10, 13, 16, 18, 21, 22, 23; 8:3, 4, 5, 7, 19, 21; 9:1, 3, 7, 12, 17, 21; 10:4, 12, 18, 20, 22, 25, 27, 32; 11:11; 13:19, 20, 22; 14:1, 3, 6, 8, 15, 20, 31; 15:5; 16:4, 9, 12, 13, 14; 17:4, 5, 6, 14; 18:2, 3, 5, 6, 7; 19:7, 11, 12; 20:1, 4; 21:8; 22:1, 7, 11, 14, 20; 23:7, 12, 13, 15, 17; 24:5, 7, 13, 18, 20, 21, 22, 23; 25:1, 2, 4; 26:4, 9, 11, 16, 17, 20, 21; 27:3, 8, 9, 10, 11, 12, 13; 28:4, 15, 18, 22, 25, 28; 29:2, 5, 8, 17, 22, 23; 30:8, 13, 17, 19, 20, 21, 23, 25, 29, 33; 31:2, 3, 4, 8; 32:5, 7, 14, 15, 16, 17, 19; 33:1, 6, 10, 14, 20; 34:10, 17; 35:5, 6, 10; 36:1, 3, 4, 5, 8, 10, 11, 13, 17, 22; 37:1, 3, 9, 20, 21, 26, 27, 31, 36, 38; 38:1, 2, 3, 4, 8, 9, 11, 12, 13, 19; 39:3, 4, 5, 6, 8; 40:8, 21, 28; 41:4, 15, 17, 22, 23, 26, 28; 42:4, 9, 10, 14, 23; 43:1, 2, 4, 9, 10, 12, 13, 18, 19; 44:1, 7, 15; 45:11, 17, 21; 46:4, 8, 9, 10; 47:1, 5, 7, 8, 9, 11, 12, 13; 48:3, 5, 6, 7, 13, 16, 21; 49:4, 5, 16, 19, 20, 21; 50:2, 4, 9; 51:6, 8, 9, 11, 13, 21, 22; 52:1, 4, 5, 8; 53:2, 8, 10; 54:4, 6, 7, 8, 9; 55:3, 6, 13; 56:1, 5, 8, 11, 12; 57:1, 11, 13, 15, 16, 20; 58:2, 4, 7, 8, 9, 11, 12; 59:19, 21; 60:5, 9, 11, 15, 18, 19, 20, 21; 61:4, 7, 8; 62:1, 2, 4, 6, 7, 8; 63:9, 11, 12, 16, 18, 19; 64:2, 3, 4, 5, 8, 9; 65:3, 7, 8, 12, 16, 17, 18, 19, 20, 22, 24; 66:4, 7, 8, 14, 22, 23
Jer 1:3, 4, 5, 6, 9, 10, 12, 14, 18; 2:2, 7, 9, 17, 18, 20, 21, 26, 31, 35; 3:1, 3, 4, 5, 7, 8, 9, 10, 12, 16, 17, 18, 25; 4:9, 10, 12, 14, 20, 21, 27, 30, 31; 5:1, 7, 10, 15, 18, 19, 21, 22, 24, 31; 6:7, 14, 15, 16, 26; 7:7, 12, 13, 25, 29, 32, 34; 8:5, 7, 11, 12, 18, 20; 9:16, 20; 10:10, 13, 16, 18, 20; 11:5, 6, 7, 12, 15, 19; 12:1, 4, 15, 16; 13:6, 7, 8, 13, 16, 21, 27; 14:10, 11, 12, 13, 14; 15:1, 2, 7, 8, 9, 18, 19; 16:10, 11, 14, 15, 16, 21; 17:2, 4, 6, 8, 11, 12, 15, 24, 25; 18:3, 4, 5, 7, 9, 11, 13, 15, 16, 18, 22, 23; 19:6, 10, 11, 14; 20:1, 2, 3, 8, 9, 11, 17; 21:1, 3, 7; 22:9, 10, 11, 12, 23, 30; 23:3, 4, 7, 17, 20, 26, 33, 36, 38, 40; 24:1, 3, 4, 6, 10; 25:3, 4, 5, 9, 12, 17, 18, 27, 29; 26:1, 5, 6, 8, 10, 11, 12, 13, 16, 17, 21; 27:1, 6, 7, 8, 11, 16, 18, 20, 22; 28:1, 3, 4, 5, 6, 7, 8, 9, 10, 11, 12, 15; 29:1, 2, 10, 12, 13, 14, 19, 27, 28, 30; 30:3, 6, 8, 11, 18, 20, 23, 24; 31:1, 2, 3, 4, 5, 12, 13, 16, 17, 19, 20, 21, 22, 23, 28, 29, 31, 33, 34, 35, 36, 39, 40; 32:5, 8, 14, 15, 16, 20, 24, 26, 31, 33, 36, 37, 39, 40; 33:1, 10, 11, 12, 13, 15, 16, 17, 18, 20, 21, 24, 26; 34:1, 5, 6, 7, 8, 10, 11, 14, 15, 18; 35:3, 6, 11, 12, 14, 15, 19; 36:1, 2, 4, 9, 10, 11, 12, 13, 15, 16, 17, 18, 19, 22, 23, 27, 28, 32; 37:3, 4, 5, 6, 8, 11, 12, 13, 14, 16, 17, 19, 20, 21; 38:1, 5, 6, 7, 10, 11, 12, 14, 15, 17, 24, 25, 26, 27, 28; 39:4, 5, 6, 9, 11, 15; 40:1, 3, 4, 5, 6, 7, 8, 11, 15; 41:1, 2, 4, 6, 7, 9, 10, 11, 12, 13, 16; 42:1, 4, 5, 6, 7, 8, 10, 15, 16, 18, 19, 20, 21, 22; 43:1, 2, 8, 11; 44:2, 4, 6, 7, 10, 14, 15, 18, 19, 20, 22, 23, 26, 27; 45:1, 3; 46:16, 26, 28; 47:1, 5, 6; 48:2, 5, 27, 34, 47; 49:6, 9, 13, 19, 33, 34, 37, 39; 50:4, 5, 19, 20, 39, 44; 51:8, 13, 16, 19, 26, 33, 39, 44, 46, 48, 55, 57, 59, 61, 62, 63; 52:1, 3, 4, 7, 9, 11, 12, 15, 31, 33, 34
Lam 1:4, 7, 19; 2:6, 9, 12, 17, 19, 22; 3:4, 6, 8, 23, 29, 31, 37, 40, 50; 4:14, 15, 16, 18, 22; 5:19, 20, 21
Ezek 1:1, 9, 12, 15, 17, 18, 19, 21, 24, 25, 28; 2:2, 9; 3:3, 12, 15, 16, 18, 20, 23, 24, 27; 4:5, 6, 8, 14, 15; 5:2, 4, 9, 13, 15, 16, 17; 6:8, 13; 7:3, 7, 8, 12; 8:1, 2, 5, 6, 7, 8, 12, 13, 14, 15, 17; 9:6, 8, 9; 10:1, 3, 4, 5, 6, 9, 11, 16, 17, 18, 19; 11:2, 3, 13, 14, 19, 22, 24, 25; 12:4, 7, 11, 15, 22, 23, 24, 25, 26, 27, 28; 13:12, 14, 15, 21, 23; 14:1, 9, 11, 12, 13, 15, 17, 21, 23; 15:5, 6, 7; 16:1, 6, 8, 9, 16, 22, 23, 41, 42, 44, 53, 55, 57, 60, 61, 63; 17:4, 6, 10, 12, 18, 22; 18:1, 3, 4, 14, 19, 24, 25, 26, 27, 30, 31; 19:5, 8, 9, 13, 14; 20:1, 2, 5, 7, 28, 29, 31, 36, 39, 41, 42, 44, 49; 21:5, 7, 8, 13, 18, 24, 25, 27, 29, 32; 22:2, 3, 4, 14, 20, 22, 28; 23:1, 5, 11, 13, 14, 16, 27, 39, 40, 43, 44; 24:1, 11, 13, 14, 18, 19, 20, 24, 25, 27; 25:1, 3, 15, 17; 26:1, 2, 10, 13, 14, 15, 16, 18, 19, 20, 21; 27:1, 2, 33, 34, 36; 28:1, 14, 15, 19, 20, 22, 24, 25, 26; 29:7, 13, 14, 15, 16, 17; 30:1, 3, 4, 8, 13, 18, 20, 25; 31:1, 5, 6, 9, 15, 16; 32:1, 4, 7, 9, 10, 13, 14, 15, 17; 33:1, 2, 3, 4, 8, 13, 14, 15, 18, 21, 22, 23, 29, 33; 34:4, 5, 10, 12, 16, 21, 22, 26, 27, 28, 29; 35:5, 6, 9, 11, 14, 15; 36:2, 11, 12, 14, 15, 17, 20, 23, 25, 26, 30, 31, 36, 38; 37:4, 8, 9, 11, 13, 15, 18, 22, 23, 25, 26, 28; 38:8, 10, 12, 14, 16, 17, 18, 20; 39:7, 10, 11, 14, 15, 19, 23, 25, 26, 27, 28, 29; 40:1, 5, 6, 9, 17, 19, 24; 41:1, 3, 5, 7, 12, 18, 19; 42:1, 5, 13, 14, 15; 43:1, 3, 7, 9, 18, 23, 27; 44:1, 2, 4, 7, 10, 15, 17, 19, 21, 22, 26; 45:1, 8, 17, 20; 46:1, 2, 3, 6, 8, 9, 10, 11, 12, 14, 15, 17, 19, 20, 21, 24; 47:1, 2, 3, 4, 5, 6, 7, 8, 9, 10, 12, 20, 22, 23; 48:1, 11
Dan 1:5, 6, 9, 11, 13, 15, 18, 20; 2:2, 4, 7, 9, 14, 15, 16, 17, 19, 20, 21, 23, 25, 28, 29, 34, 35, 39, 42, 44, 45, 46, 48, 49; 3:2, 3, 4, 7, 9, 13, 15, 17, 19, 21, 22, 24, 26, 28, 30; 4:3, 7, 16, 18, 19, 23, 25, 26, 29, 31, 32, 33, 34, 37; 5:2, 3, 6, 8, 9, 10, 12, 13, 15, 16, 17, 20, 21, 24, 29, 31; 6:3, 4, 5, 6, 8, 10, 11, 12, 13, 14, 15, 16, 18, 19, 20, 21, 23, 24, 25, 26; 7:4, 6, 7, 9, 10, 11, 12, 14, 18, 19, 22, 24, 25, 26, 27, 28; 8:1, 2, 3, 4, 8, 13, 15, 17, 18, 19, 22, 23, 27; 9:7, 15, 17, 20, 21, 22, 23, 24, 25, 26, 27; 10:1, 2, 3, 5, 7, 9, 11, 12, 14, 15, 17, 18, 19, 20; 11:2, 4, 6, 8, 12, 13, 14, 18, 19, 20, 27, 28, 29, 30, 34, 35, 36, 40; 12:1, 2, 3, 4, 5, 6, 7, 8, 9, 13
Hos 1:2, 4, 6, 8, 9, 10, 11; 2:7, 9, 10, 11, 15, 16, 17, 19; 3:1, 2, 3, 5; 4:4, 7, 11, 14, 16, 18; 5:3, 7, 13, 15; 6:2, 3, 4, 9, 11; 7:1, 2, 4, 6, 12, 14; 8:5, 7, 8, 10, 13; 9:2, 12, 15; 10:2, 3, 10, 12, 15; 11:1, 2, 10; 12:6, 8; 13:1, 2, 3, 4, 6, 13; 14:2, 3, 8
Joel 1:5, 10, 15; 2:1, 2, 4, 8, 12, 18, 19, 23, 26, 27, 28, 29, 31; 3:1, 17, 18, 20
Amos 1:1, 11; 2:9; 3:4, 12, 15; 4:4, 7, 8, 9; 5:2, 9, 14; 6:3, 7, 10; 7:1, 2, 5, 8, 10, 13, 14, 16; 8:1, 2, 5, 7, 10, 14; 9:11, 14, 15
Obad 1:5, 10, 15, 16
Jonah 1:1, 3, 4, 5, 6, 8, 10, 11, 12, 16, 17; 2:1, 4, 6, 7; 3:3, 4; 4:2, 3, 4, 5, 7, 8, 10
Mic 1:13, 15; 2:1, 2, 9; 3:4, 7; 4:3, 5, 7, 9, 10, 11; 5:1, 2, 3, 4, 5, 6, 13, 14; 6:1, 5, 6; 7:1, 3, 4, 8, 9, 10, 14, 18, 19, 20
Nah 1:10, 12, 13, 14, 15; 2:8, 13; 3:10, 17, 19
Hab 1:2, 4, 11, 12, 13, 17; 2:1, 3, 6, 7; 3:6, 16
Zeph 1:14; 2:2, 9; 3:3, 6, 7, 8, 11, 15, 20
Hag 1:3, 5, 9, 11, 12, 13; 2:2, 3, 4, 5, 6, 9, 11, 13, 14, 15, 16, 18, 19, 20
Zech 1:4, 5, 6, 9, 12, 14, 18, 21; 2:1, 2, 8, 12; 3:3, 5, 8; 4:1, 4, 5, 6, 11, 12, 14; 5:1, 3, 5, 9, 10; 6:4, 7, 8, 11; 7:1, 2, 3, 4, 5, 6, 7, 12, 13; 8:1, 4, 10, 11, 13, 14, 15, 19, 23; 9:1, 8, 13, 17; 10:1, 6, 9, 10; 11:6, 9, 11, 12, 14; 12:2, 6; 13:2, 3, 4, 6; 14:3, 8, 11, 12, 15, 16, 18, 19, 21
Mal 1:2, 4, 8, 9; 2:1, 2, 3, 13, 14, 15, 17; 3:1, 2, 4, 8, 10, 11, 13, 15, 16, 17, 18; 4:5
Matt 1:1, 12, 17, 18, 19, 20, 22, 24, 25; 2:1, 3, 4, 7, 8, 9, 10, 11, 13, 14, 15, 16, 17, 19, 22; 3:5, 7, 10, 11, 13, 15, 16; 4:1, 2, 3, 5, 7, 8, 10, 11, 12, 17, 20; 5:1, 11, 12, 13, 16, 18, 19, 21, 25, 26, 27, 28, 33; 6:2, 3, 5, 6, 7, 8, 11, 13, 16, 17, 30; 7:2, 5, 6, 12, 17, 23, 28; 8:1, 5, 10, 13, 14, 16, 18, 23, 26, 28, 29, 32, 34; 9:8, 10, 11, 12, 14, 15, 16, 17, 18, 19, 22, 23, 25, 27, 28, 29, 31, 33, 36, 37; 10:1, 2, 7, 11, 12, 14, 19, 22, 23, 38; 11:1, 2, 4, 7, 12, 13, 16, 20, 21, 23, 26; 12:1, 2, 3, 9, 13, 14, 15, 20, 22, 24, 34, 38, 39, 40, 41, 42, 43, 44, 45, 46, 47; 13:2, 4, 6, 19, 21, 25, 26, 29, 30, 32, 33, 36, 39, 40, 43, 44, 45, 46, 47, 48, 49, 52, 53, 54; 14:5, 6, 8, 13, 15, 22, 23, 24, 25, 26, 27, 29, 30, 32, 33, 34, 35; 15:1, 2, 12, 15, 16, 17, 21, 25, 28, 31, 32, 33; 16:2, 3, 4, 5, 6, 8, 9, 12, 13, 20, 21, 22, 24, 27, 28; 17:1, 4, 5, 6, 8, 9, 12, 13, 14, 15, 17, 19, 22, 23, 24, 25, 27; 18:8, 10, 13, 14, 19, 21, 22, 24, 27, 30, 31, 32, 34; 19:1, 4, 8, 10, 12, 13, 16, 22, 23, 24, 25, 27, 28, 29; 20:1, 2, 5, 8, 9, 10, 11, 19, 20, 24, 26, 30; 21:1, 2, 3, 10, 15, 16, 18, 19, 20, 23, 29, 31, 32, 34, 36, 37, 38, 40, 41, 42, 45, 46; 22:1, 4, 7, 8, 11, 13, 15, 21, 22, 25, 33, 34, 35, 41, 44; 23:1, 6, 14, 15, 28, 33, 36, 37, 39; 24:3, 6, 8, 9, 10, 13, 14, 15, 16, 19, 21, 23, 25, 27, 29, 30, 32, 33, 34, 37, 38, 39, 40, 43, 45, 46, 49, 50; 25:1, 5, 7, 9, 10, 11, 15, 16, 19, 20, 24, 27, 31, 34, 37, 38, 39, 41, 44, 45, 46; 26:1, 2, 3, 6, 8, 10, 11, 14, 17, 18, 20, 22, 25, 28, 29, 30, 31, 32, 33, 34, 36, 37, 38, 42, 43, 44, 45, 47, 48, 49, 50, 52, 53, 56, 58, 59, 64, 65, 67, 69, 71, 72, 73, 74, 75; 27:1, 2, 3, 8, 9, 12, 13, 14, 15, 17, 19, 24, 25, 26, 27, 29, 31, 33, 34, 38, 42, 43, 45, 47, 48, 50, 53, 54, 57, 58, 59, 60, 62, 63, 64; 28:1, 7, 10, 11, 12, 13, 15, 16, 17, 20
Mark 1:1, 7, 9, 14, 15, 16, 19, 26, 27, 29, 32, 35, 37, 38, 42, 43, 45; 2:1, 2, 4, 5, 8, 12, 13, 15, 16, 17, 19, 20, 21, 22, 23, 25; 3:1, 5, 8, 11, 20, 21, 26, 27, 29; 4:1, 4, 6, 10, 15, 16, 17, 28, 29, 31, 32, 34, 35, 36, 37, 40; 5:2, 4, 5, 6, 11, 13, 17, 18, 20, 21, 22, 27, 35, 36, 39, 40, 42; 6:2, 7, 10, 11, 16, 20, 21, 22, 29, 31, 34, 35, 38, 41, 45, 46, 47, 48, 49, 53, 54, 55; 7:1, 2, 3, 4, 5, 14, 17, 18, 30, 31, 36; 8:2, 11, 12, 13, 14, 17, 19, 20, 23, 25, 31, 32, 33, 34, 38; 9:1, 2, 3, 8, 9, 14, 15, 19, 20, 21, 22, 25, 28, 31, 36, 43, 45, 50; 10:1, 6, 8, 10, 14, 17, 21, 24, 28, 30, 32, 34, 41, 43, 47; 11:1, 2, 11, 12, 13, 14, 15, 19, 24, 25, 27; 12:1, 2, 4, 5, 6, 14, 18, 20, 23, 25, 34, 35, 36, 39, 40; 13:4, 5, 7, 8, 11, 12, 13, 14, 16, 17, 19, 21, 24, 26, 27, 28, 29, 30, 33, 35, 36; 14:1, 2, 7, 8, 11, 12, 19, 21, 23, 24, 25, 26, 27, 28, 30, 32, 33, 39, 40, 41, 43, 45, 59, 61, 63, 65, 67, 68, 69, 70, 71, 72; 15:4, 5, 6, 8, 12, 13, 14, 15, 18, 20, 24, 32, 33, 35, 39, 41, 42, 44, 45; 16:1, 2, 4, 9, 11, 12, 14, 17, 19
Luke 1:2, 7, 8, 9, 12, 20, 21, 22, 23, 24, 29, 33, 34, 36, 39, 41, 44, 48, 50, 55, 57, 59, 60, 70, 80; 2:1, 2, 6, 11, 13, 15, 17, 21, 22, 26, 27, 28, 29, 34, 36, 39, 41, 42, 43, 44, 45, 46, 48; 3:1, 7, 8, 9, 12, 21, 23; 4:2, 13, 17, 20, 21, 25, 28, 35, 40, 42; 5:1, 4, 6, 7, 8, 10, 11, 12, 15, 17, 19, 20, 21, 22, 27, 33, 34, 35, 36, 37, 38, 39; 6:1, 3, 6, 9, 10, 12, 13, 21, 22, 25, 26, 30, 34, 35, 38, 42, 48; 7:1, 3, 4, 6, 9, 11, 12, 13, 15, 20, 22, 24, 31, 37, 38, 39, 42, 45, 49; 8:1, 4, 6, 8, 11, 12, 13, 14, 16, 19, 22, 24, 27, 28, 29, 33, 34, 35, 37, 38, 40, 42, 45, 47, 49, 50, 51, 55; 9:1, 5, 7, 8, 10, 11, 12, 15, 16, 18, 19, 26, 27, 28, 32, 33, 34, 36, 37, 39, 41, 42, 43, 46, 51, 54, 57; 10:1, 6, 13, 17, 21, 25, 31, 32, 33, 35, 36, 37, 38; 11:1, 2, 7, 14, 21, 22, 24, 25, 26, 27, 29, 30, 31, 32, 33, 34, 36, 38, 39, 45, 50, 51, 53; 12:1, 4, 5, 11, 20, 28, 33, 36, 37, 38, 40, 41, 42, 43, 45, 46, 49, 50, 52, 54, 55, 58, 59; 13:1, 7, 8, 9, 12, 17, 18, 20, 21, 23, 25, 26, 28, 33, 34, 35; 14:1, 5, 6, 7, 8, 9, 10, 12, 13, 15, 16, 17, 18, 21, 22, 29, 30, 32; 15:1, 4, 5, 6, 8, 9, 13, 14, 17, 20, 24, 25, 29, 30, 31, 32; 16:2, 3, 4, 6, 7, 8, 9, 16, 22, 25, 26, 27; 17:1, 4, 7, 8, 10, 11, 14, 15, 20, 22, 24, 25, 26, 27, 30; 18:1, 4, 5, 7, 8, 13, 15, 18, 22, 23, 24, 28, 30, 31, 33, 35, 39, 40, 43; 19:5, 7, 9, 13, 15, 16, 28, 29, 30, 37, 41, 42, 45; 20:1, 9, 10, 11, 12, 13, 14, 16, 20, 27, 36, 37, 39, 40, 43, 45, 46, 47; 21:7, 8, 9, 10, 12, 14, 20, 21, 23, 24, 27, 28, 30, 31, 32, 34, 36, 38; 22:1, 3, 7, 10, 14, 16, 18, 20, 23, 26, 32, 34, 35, 36, 37, 40, 45, 47, 49, 52, 53, 54, 55, 58, 59, 60, 61, 64, 66, 69, 70; 23:2, 4, 5, 6, 7, 8, 9, 11, 12, 13, 18, 20, 29, 30, 33, 34, 42, 44, 46, 47, 53; 24:1, 4, 6, 7, 12, 15, 18, 21, 22, 23, 24, 25, 27, 29, 30, 32, 40, 41, 44, 45, 49, 51, 53
John 1:1, 2, 15, 19, 22, 27, 29, 30, 35, 38, 42, 44, 48, 51; 2:3, 4, 8, 9, 10, 11, 12, 15, 18, 20, 22, 23; 3:3, 4, 7, 8, 14, 15, 16, 18, 22, 25, 28, 36; 4:1, 3, 5, 6, 9, 13, 14, 18, 21, 23, 25, 29, 30, 31, 35, 36, 39, 40, 42, 43, 45, 46, 47, 48, 49, 51, 52, 54; 5:1, 2, 4, 6, 7, 12, 14, 17, 19, 21, 24, 25, 26, 35, 39; 6:1, 4, 5, 9, 10, 11, 12, 14, 15, 16, 17, 19, 21, 22, 23, 24, 25, 27, 28, 32, 34, 35, 39, 40, 44, 47, 51, 53, 54, 57, 58, 60, 61, 62, 64, 66, 67, 68; 7:1, 2, 6, 8, 9, 10, 11, 14, 15, 25, 27, 28, 30, 31, 33, 35, 37, 40, 45, 46, 47, 51; 8:2, 3, 5, 7, 8, 9, 10, 12, 19, 21, 22, 25, 28, 29, 31, 33, 35, 40, 41, 44, 48, 51, 52, 57, 59; 9:4, 5, 6, 8, 12, 13, 14, 15, 17, 18, 19, 21, 22, 23, 24, 25, 26, 27, 28, 31, 32, 35, 41; 10:4, 7, 8, 15, 17, 18, 19, 22, 24, 28, 31, 39, 40; 11:1, 4, 5, 6, 7, 8, 11, 12, 14, 16, 17, 18, 20, 21, 22, 23, 24, 26, 28, 29, 30, 31, 32, 33, 36, 38, 41, 42, 43, 45, 47, 53, 54, 55, 56, 57; 12:1, 3, 4, 7, 8, 12, 14, 16, 17, 20, 22, 25, 27, 28, 31, 34, 35, 36, 37, 39, 41, 48, 50; 13:1, 2, 5, 6, 7, 8, 12, 13, 19, 21, 22, 23, 26, 27, 28, 29, 31, 32, 33, 34, 36, 37, 38; 14:2, 3, 7, 9, 16, 19, 25, 28, 29, 30, 31; 15:3, 8, 9, 15, 18, 22, 24, 26, 27; 16:4, 5, 8, 12, 13, 16, 17, 18, 19, 21, 22, 25, 28, 29, 30, 31, 32; 17:2, 3, 5, 7, 11, 12, 13, 18, 24; 18:1, 2, 6, 7, 10, 11, 12, 14, 15, 16, 17, 20, 22, 24, 27, 28, 31, 33, 36, 37, 38, 40; 19:1, 4, 5, 6, 8, 9, 10, 13, 16, 21, 23, 25, 26, 27, 28, 29, 30, 32, 33, 34, 37, 38, 40, 41; 20:1, 2, 6, 8, 9, 10, 14, 17, 19, 20, 21, 22, 24, 26, 27; 21:1, 4, 5, 6, 7, 9, 10, 11, 14, 15, 16, 18, 19, 20, 22, 23
Acts 1:1, 2, 3, 6, 7, 8, 9, 10, 11, 12, 13, 15, 16, 18, 22; 2:1, 2, 4, 6, 13, 17, 18, 20, 21, 25, 29, 31, 33, 35, 37, 38, 40, 41; 3:1, 6, 12, 13, 17, 18, 19, 20, 21, 23, 24; 4:3, 5, 7, 8, 9, 13, 15, 17, 21, 22, 24, 28, 29, 31; 5:4, 7, 8, 9, 10, 17, 21, 22, 23, 24, 25, 26, 27, 29, 32, 33, 34, 36, 37, 38, 40; 6:1, 2, 4, 6, 9, 11; 7:1, 2, 4, 5, 7, 8, 11, 12, 14, 17, 18, 19, 21, 23, 26, 29, 30, 31, 32, 33, 34, 36, 39, 41, 42, 45, 51, 52, 54, 57, 60; 8:5, 9, 11, 12, 13, 14, 15, 16, 17, 18, 24, 25, 29, 32, 33, 35, 39, 40; 9:1, 3, 8, 13, 18, 19, 20, 23, 25, 26, 30, 31, 32, 36, 37, 38, 39, 40, 41, 43; 10:2, 4, 5, 7, 8, 10, 14, 15, 16, 17, 19, 21, 23, 24, 29, 30, 32, 33, 34, 37, 41, 44, 46, 48; 11:2, 4, 6, 8, 9, 10, 11, 15, 16, 18, 19, 20, 22, 23, 25, 26, 27, 28, 29; 12:1, 3, 4, 6, 7, 8, 10, 11, 12, 13, 14, 15, 16, 18, 19, 21, 25; 13:1, 3, 5, 6, 8, 9, 11, 12, 13, 14, 15, 16, 17, 19, 20, 21, 22, 24, 25, 29, 33, 34, 36, 37, 42, 43, 44, 45, 46, 47, 48; 14:1, 3, 5, 8, 11, 13, 14, 16, 17, 20, 21, 23, 24, 25, 27, 28; 15:2, 4, 7, 10, 12, 13, 16, 18, 21, 22, 30, 31, 33, 34, 36, 39; 16:1, 5, 6, 7, 10, 11, 12, 13, 15, 16, 18, 19, 23, 26, 29, 33, 34, 35, 36, 37, 38, 40; 17:1, 3, 6, 8, 9, 11, 13, 14, 16, 18, 19, 21, 22, 26, 30, 32; 18:1, 2, 4, 5, 6, 9, 12, 14, 17, 18, 20, 21, 22, 23, 26, 27; 19:1, 2, 4, 5, 6, 8, 9, 10, 12, 13, 14, 16, 21, 22, 23, 27, 28, 30, 34, 35, 40, 41; 20:1, 2, 3, 5, 6, 7, 9, 11, 13, 14, 15, 18, 22, 24, 25, 26, 29, 31, 32, 35, 36; 21:1, 3, 5, 6, 7, 8, 10, 11, 12, 13, 14, 15, 17, 18, 19, 20, 26, 27, 29, 30, 31, 32, 33, 34, 35, 38, 40; 22:1, 2, 3, 6, 11, 13, 16, 17, 18, 20, 24, 26, 27, 29; 23:1, 3, 5, 6, 7, 10, 11, 12, 14, 15, 16, 17, 19, 21, 27, 28, 30, 31, 33, 34, 35; 24:1, 2, 3, 9, 10, 11, 13, 14, 16, 17, 20, 21, 22, 24, 25, 26, 27; 25:1, 2, 4, 6, 7, 8, 10, 12, 13, 14, 15, 16, 17, 18, 21, 22, 23, 25, 26; 26:1, 2, 4, 5, 6, 10, 11, 14, 17, 22, 28, 29, 30, 31, 32; 27:1, 3, 4, 5, 7, 9, 13, 14, 15, 17, 18, 20, 21, 22, 23, 27, 28, 29, 30, 32, 33, 35, 36, 38, 39, 40, 44; 28:1, 3, 4, 6, 8, 9, 10, 11, 13, 14, 15, 16, 17, 18, 19, 23, 25, 29
Rom 1:2, 9, 10, 13, 20, 21, 25; 2:7, 14, 15, 16; 3:4, 9, 19, 21, 25; 4:4, 10, 19, 23, 25; 5:3, 6, 8, 9, 10, 11, 12, 13, 15, 16, 18, 19, 21; 6:3, 4, 6, 8, 9, 10, 19, 20, 21, 22, 23; 7:1, 2, 3, 5, 6, 9, 17, 20, 21; 8:1, 9, 15, 17, 22, 34, 36; 9:2, 5, 10, 23, 29; 10:7, 21; 11:5, 6, 8, 10, 12, 16, 23, 25, 26, 27, 30, 31, 33, 35, 36; 12:5, 20; 13:6, 9, 11; 14:13, 15; 15:4, 5, 8, 10, 11, 12, 13, 19, 20, 23, 24, 25, 28, 29, 30, 33; 16:7, 17, 20, 25, 26, 27
1Cor 1:4, 7, 8, 10, 12, 21; 2:1, 7, 11, 12; 3:2, 4, 8, 12, 15, 20; 4:1, 5, 7, 8, 13, 18, 19; 5:1, 3, 4, 7, 8, 11; 6:5, 7, 13; 7:1, 5, 14, 17, 25, 26, 36, 37, 39, 40; 8:1, 12, 13; 9:14, 15, 18, 25, 26, 27; 10:6, 11; 11:2, 12, 17, 18, 20, 21, 24, 25, 26, 28, 32, 33, 34; 12:1, 4, 12, 18, 20, 21, 27, 28; 13:2, 4, 8, 10, 11, 12, 13; 14:6, 10, 12, 16, 25, 26; 15:4, 6, 7, 8, 11, 12, 15, 20, 21, 22, 23, 24, 25, 27, 28, 45, 46, 50, 54, 58; 16:1, 2, 3, 5, 7, 8, 10, 12
2Cor 1:5, 7, 10, 13, 15, 16, 17, 21; 2:1, 3, 12, 14; 3:1, 6, 7, 13, 14, 15, 16, 17; 4:10, 11, 17, 18; 5:1, 3, 5, 6, 12, 15, 16, 17, 20; 6:2, 10, 13; 7:3, 5, 7, 8, 9, 14, 15; 8:6, 10, 11, 14, 22; 9:2, 5, 7, 8, 9, 10, 13, 14; 10:1, 2, 6, 7, 11, 15; 11:3, 9, 15, 16, 22, 23, 24, 25, 26, 27, 31; 12:2, 6, 10, 16, 19, 20, 21; 13:2, 3, 7, 9, 11
Gal 1:5, 6, 9, 10, 13, 15, 17, 18, 20, 21, 23; 2:1, 7, 9, 11, 12, 14, 17, 18, 20; 3:3, 4, 8, 16, 17, 18, 19, 20, 23, 25; 4:1, 2, 3, 4, 7, 8, 9, 10, 18, 19, 20, 25, 28, 29; 5:1, 3, 17, 19, 21; 6:2, 3, 8, 9, 15, 17
Eph 1:4, 10, 13, 14, 15, 20; 2:2, 3, 5, 7, 10, 11, 13, 15, 19; 3:3, 4, 5, 9, 10, 11, 20, 21; 4:8, 9, 13, 14, 17, 19, 20, 21, 22, 24, 28; 5:3, 8, 20, 24, 29, 33; 6:3, 10, 18
Phil 1:4, 5, 6, 10, 13, 20, 26, 30; 2:12, 19, 23, 24, 28; 3:1, 12, 13, 16, 17, 18; 4:1, 4, 8, 10, 15, 16, 20
Col 1:3, 4, 5, 6, 9, 17, 18, 21, 24, 26; 2:6, 16; 3:4, 7, 8, 9, 10, 13; 4:6, 12, 16
1Thess 1:2, 7, 8; 2:2, 4, 6, 8, 13, 16, 18; 3:1, 4, 5, 6, 8, 9, 11; 4:1, 14, 17; 5:1, 2, 3, 14, 15, 16
2Thess 1:3, 4, 7, 9, 10, 11; 2:1, 2, 4, 5, 6, 7, 13, 16; 3:1, 6, 10, 12, 16, 17
1Tim 1:3, 4, 5, 13, 16, 17, 18; 2:6; 3:11, 14, 15; 4:1, 7, 8, 13; 5:5, 6, 9, 11, 15, 22, 23, 24, 25; 6:10, 12, 14, 15, 16, 19, 20
2Tim 1:5, 9, 10, 16, 17; 2:18, 22; 3:1, 7, 8; 4:2, 3, 6, 8, 9, 13, 18, 21
Titus 1:2, 3, 7, 12; 2:9; 3:3, 4, 7, 10, 12
Phlm 1:4, 9, 11, 12, 15, 16
Heb 1:1, 3, 4, 5, 6, 8, 10, 11, 13; 2:3, 8, 13; 3:5, 6, 9, 10, 13, 14, 15, 16; 4:5, 7, 8; 5:3, 6, 7, 9, 12, 14; 6:1, 2, 4, 6, 7, 11, 13, 15, 20; 7:2, 3, 4, 9, 10, 16, 17, 18, 21, 22, 24, 25, 27, 28; 8:1, 5, 6, 8, 9, 10, 12, 13; 9:1, 5, 6, 7, 8, 10, 12, 14, 15, 17, 19, 24, 25, 26, 27, 28; 10:1, 2, 3, 5, 7, 8, 9, 10, 11, 12, 13, 14, 15, 16, 17, 18, 20, 25, 26, 30, 32, 33, 36, 37, 38; 11:1, 3, 5, 8, 11, 12, 16, 17, 21, 22, 23, 24, 25, 30, 31, 35; 12:1, 5, 11, 17, 19, 20, 21, 24, 26, 27; 13:5, 7, 8, 15, 20, 21, 23
Jas 1:2, 11, 12, 13, 14, 15, 24; 2:11, 12, 17, 21, 25, 26; 3:4, 5, 6, 10, 12; 4:13, 16; 5:1, 7, 11, 17, 18
1Pet 1:3, 6, 8, 11, 12, 13, 14, 15, 20, 23, 25; 2:3, 10, 12, 15, 20, 23, 25; 3:2, 5, 6, 8, 15, 17, 18, 20, 21; 4:2, 3, 7, 10, 11, 13, 17; 5:4, 6, 10, 11, 12, 13
2Pet 1:9, 10, 11, 12, 13, 14, 15, 16, 17, 18, 19, 21; 2:3, 5, 6, 13, 17, 18, 19, 20, 21, 22; 3:1, 2, 4, 5, 7, 13, 17, 18
1John 1:1, 2; 2:6, 7, 8, 9, 13, 14, 17, 18, 24, 25, 28; 3:2, 8, 11, 15; 4:3, 11, 17; 5:2, 11, 13, 20
2John 1:2, 5, 6
3John 1:3, 14
Jude 1:3, 4, 5, 6, 7, 9, 12, 13, 17, 21, 24, 25
Rev 1:1, 6, 7, 8, 11, 17, 18, 19; 2:5, 8, 13, 16, 17, 19, 21, 25, 26; 3:11, 12, 14; 4:1, 9, 10; 5:8, 9, 11, 13, 14; 6:1, 3, 5, 7, 9, 10, 11, 12, 13, 14; 7:1, 3, 9, 12, 16; 8:1, 12; 9:5, 6, 12; 10:3, 4, 6, 7, 8, 10, 11; 11:6, 7, 11, 14, 15; 12:4, 8, 10, 13, 14; 13:12, 13; 14:3, 6, 11, 13; 15:5, 7, 8; 16:7, 18; 17:6, 8, 10, 17; 18:1, 7, 10, 11, 14, 17, 18, 21, 22, 23; 19:1, 3; 20:2, 3, 5, 7, 10; 21:1, 2, 4, 5, 6; 22:3, 5, 6, 7, 8, 9, 12, 13, 20
