# Every verse containing General Places 2 (position words) (#195928) - 7,138 verses
# Format: Book chapter:verse, verse; chapter:verse ...  (verse 0 = psalm title)

Gen 1:6, 7, 9, 20, 30; 2:8, 9, 10, 11, 14, 19, 23; 3:3, 8, 9, 15, 19, 23, 24; 4:9, 14, 16; 6:11, 13, 14, 16, 17; 7:1, 15, 17, 19, 20; 8:1, 7, 8, 10, 12, 16, 18, 19; 9:7, 10, 14, 18, 21, 22, 23; 10:9, 11, 12, 18; 11:2, 4, 5, 7, 8, 9, 28, 31; 12:1, 4, 5, 6, 7, 8, 9, 10, 15, 20; 13:1, 3, 4, 9, 10, 12, 13, 14, 17, 18; 14:10, 15, 17; 15:5, 7, 10, 11, 12, 14, 16, 17; 16:8, 9, 13, 14; 17:1, 8, 18; 18:2, 4, 8, 9, 10, 12, 16, 21, 22, 24, 25, 26, 28, 29, 30, 31, 32; 19:1, 4, 5, 6, 8, 12, 13, 14, 15, 16, 17, 20, 22, 24, 26, 27, 28, 29, 30; 20:1, 13, 15; 21:15, 16, 17, 21, 23, 25, 31, 33; 22:1, 2, 5, 7, 9, 11, 13, 15; 23:3, 4, 8, 9, 10, 11, 12, 13, 17, 18, 19, 20; 24:2, 5, 6, 7, 8, 9, 11, 13, 15, 16, 26, 29, 31, 33, 40, 45, 46, 48, 49, 51, 54, 56, 59, 63; 25:6, 9, 10, 18, 22; 26:2, 8, 17, 19, 25, 27, 31; 27:1, 3, 7, 18, 30, 33, 39; 28:4, 10, 11, 13, 14, 15; 29:3, 4; 30:16, 32, 33, 35, 38, 39, 40, 41; 31:2, 5, 11, 13, 21, 33, 35, 37, 46; 32:3, 4, 10, 13, 16, 17, 18, 20, 21, 22, 23, 24, 29, 31; 33:2, 3, 7, 12, 14, 18, 19, 20; 34:1, 6, 7, 10, 21, 22, 24, 26; 35:1, 3, 4, 5, 7, 8, 9, 13, 14, 15, 21, 27; 36:7; 37:1, 7, 13, 14, 16, 17, 25, 28, 30; 38:1, 2, 13, 19, 21; 39:1, 11, 13, 15, 18, 20, 22, 23; 40:3, 9, 13, 14, 15, 17; 41:2, 3, 5, 12, 14, 18, 19, 22, 27, 35, 42, 43, 45, 46, 48, 56; 42:2, 3, 6, 7, 15, 24, 33, 36, 38; 43:2, 4, 5, 9, 11, 14, 15, 20, 23, 25, 30, 31, 33, 34; 44:3, 4, 8, 14, 21, 23, 26, 28; 45:1, 5, 8, 9, 13, 19, 24, 25; 46:2, 3, 4, 28; 47:1, 6, 7, 10, 19, 21, 26, 27, 29, 30; 48:7, 12, 13, 15, 16, 20; 49:8, 17, 20, 22, 25, 30, 31, 32; 50:5, 7, 9, 10, 11, 13, 14, 18, 24, 25
Exod 1:14; 2:3, 5, 15, 20, 23; 3:1, 2, 4, 5, 8, 10, 11, 12, 17, 20; 4:3, 14, 21; 5:9, 11, 12, 20; 6:4, 6, 7, 12, 30; 7:4, 9, 10, 19, 21, 24; 8:3, 4, 5, 6, 7, 16, 17, 20, 21, 22, 26; 9:8, 9, 10, 11, 13, 16, 19, 22, 23, 25, 26; 10:1, 3, 10, 12, 13, 14, 15, 21, 22, 26; 11:1, 4, 5, 6, 8, 10; 12:7, 12, 13, 14, 22, 23, 30, 31, 46; 13:8, 12, 16, 17, 18, 19, 21, 22; 14:2, 9, 10, 11, 16, 19, 20, 21, 22, 23, 24, 26, 27, 29; 15:5, 8, 13, 19, 25, 27; 16:1, 3, 9, 10, 13, 24, 32, 33, 34; 17:3, 5, 6, 10, 11, 12, 14; 18:5, 10, 11, 12, 20; 19:1, 2, 3, 7, 11, 12, 13, 14, 17, 20, 21, 23, 24, 25; 20:4, 10, 20, 21, 24, 26; 21:1, 13, 19, 33; 22:9, 26, 27; 23:5, 15, 17, 20, 23, 25, 27, 28, 29, 30, 31; 24:2, 4, 9, 10, 12, 13, 14, 15, 16, 18; 25:11, 12, 14, 18, 19, 20, 21, 22, 24, 25, 27, 30, 32, 35, 37; 26:4, 5, 9, 10, 12, 13, 14, 17, 18, 19, 20, 21, 22, 23, 24, 25, 26, 27, 28, 33, 35; 27:5, 7, 9, 11, 12, 13, 14, 15, 17, 18, 21; 28:7, 12, 14, 22, 23, 24, 25, 26, 27, 28, 29, 30, 32, 33, 34, 35, 37, 38; 29:10, 11, 12, 13, 14, 16, 20, 22, 23, 24, 25, 26, 29, 42, 43, 46; 30:3, 4, 6, 8, 12, 16, 18, 19, 32, 34, 36; 31:13, 14; 32:1, 4, 5, 7, 11, 15, 19, 23, 26, 27, 28, 34; 33:1, 2, 3, 5, 7, 15, 16, 19; 34:2, 3, 4, 5, 6, 8, 10, 11, 12, 20, 23, 24, 28, 29, 30, 32, 34; 35:2, 3; 36:6, 11, 12, 14, 17, 19, 23, 24, 25, 26, 27, 28, 29, 30, 31, 32, 33; 37:2, 3, 5, 7, 8, 9, 11, 12, 14, 18, 19, 21, 26, 27; 38:4, 5, 7, 9, 11, 12, 13, 14, 15, 16, 20, 31; 39:4, 15, 16, 17, 18, 19, 20, 21, 23, 25, 26, 31; 40:3, 5, 6, 7, 8, 9, 19, 20, 22, 23, 24, 25, 26, 30, 31, 33, 36, 37
Lev 1:3, 5, 11, 15, 16; 3:1, 2, 4, 7, 8, 10, 12, 13, 15; 4:4, 6, 7, 9, 12, 14, 15, 17, 18, 21, 23, 24, 33; 5:9, 18; 6:3, 7, 10, 11, 14, 25, 27, 28; 7:2, 4, 30; 8:9, 10, 15, 16, 17, 19, 24, 25, 26, 27, 29, 31; 9:2, 4, 5, 10, 11, 12, 17, 18, 19, 21, 22, 24; 10:1, 2, 3, 4, 12, 15, 17, 18, 19; 11:21, 32, 33, 45; 12:7; 13:12, 20, 21, 26, 37, 41, 46, 52, 54, 55, 57; 14:3, 8, 11, 12, 13, 16, 18, 23, 24, 27, 29, 31, 36, 37, 40, 41, 45; 15:4, 6, 10, 14, 15, 17, 19, 23, 24, 25, 26, 30; 16:1, 2, 7, 10, 12, 13, 14, 15, 16, 18, 23, 24, 27, 30; 17:4; 18:3, 4, 9, 19, 21, 23, 24, 27, 28, 30; 19:14, 16, 22, 32; 20:22, 23; 21:3, 21, 23; 22:7, 21, 27; 23:7, 11, 20, 28, 40; 24:3, 4, 6, 8, 14, 23; 25:9, 10, 19, 29, 30, 31, 38, 42, 44, 49, 55; 26:6, 7, 8, 13, 17, 22, 25, 32, 37, 45; 27:8, 11, 32
Num 1:50, 51, 52, 53; 2:2, 3, 9, 10, 16, 17, 18, 24, 25, 32; 3:4, 6, 7, 10, 23, 26, 29, 35, 36, 37, 38, 39; 4:4, 10, 14, 16, 22, 25, 26, 28, 32, 33, 38, 40, 42; 5:3, 4, 13, 16, 18, 25, 30; 6:16, 18, 20; 7:3, 8, 10; 8:2, 3, 9, 10, 11, 13, 19, 21, 22; 9:6, 17, 21, 22; 10:6, 9, 10, 11, 25, 33, 35; 11:6, 8, 10, 13, 16, 17, 20, 24, 25, 31, 32, 34; 12:5, 11; 13:17, 18, 20, 21, 22, 23, 27, 28, 30, 31, 32, 33; 14:5, 7, 10, 14, 24, 30, 35, 37, 40, 42, 43, 44, 45; 15:15, 18, 25, 28, 35, 36; 16:2, 3, 7, 9, 12, 13, 14, 16, 17, 24, 27, 31, 34, 38, 40, 42, 43, 46, 47, 48; 17:4, 7, 9, 10; 18:2, 3, 4, 7, 19, 22; 19:2, 3, 4, 6, 9, 18; 20:1, 3, 4, 5, 8, 9, 10, 15, 16, 17, 19, 20, 21, 25, 26, 27, 28; 21:5, 11, 13, 15, 20, 22, 23, 32, 33; 22:1, 4, 5, 8, 18, 19, 24, 25, 26, 27, 32, 34, 36, 41; 23:1, 13, 15, 28, 29; 24:1, 6, 8, 13, 17; 25:4, 6; 26:2, 4, 61; 27:2, 5, 12, 14, 17, 19, 21, 22; 31:4, 10, 13, 19, 49, 50, 54; 32:4, 5, 6, 7, 9, 11, 14, 16, 17, 19, 20, 21, 22, 26, 27, 29, 30, 32, 33, 40; 33:1, 2, 3, 7, 8, 9, 14, 38, 47, 51, 52, 53, 54, 55; 34:3, 4, 5, 8, 9, 11, 12, 15; 35:2, 4, 5, 6, 10, 11, 12, 14, 15, 25, 26, 27, 33, 34; 36:1
Deut 1:1, 5, 7, 8, 19, 21, 22, 24, 26, 27, 28, 30, 31, 33, 37, 38, 39, 41, 42, 43, 45; 2:4, 7, 8, 10, 12, 13, 14, 18, 19, 20, 21, 22, 23, 24, 25, 27, 28, 29, 31, 33; 3:1, 5, 8, 17, 18, 20, 21, 25, 27, 28, 29; 4:5, 7, 8, 10, 11, 12, 14, 15, 18, 19, 20, 21, 22, 26, 27, 28, 32, 33, 34, 36, 38, 39, 41, 42, 44, 45, 46, 47, 49; 5:3, 4, 5, 8, 14, 22, 23, 24, 26, 31, 32; 6:1, 12, 14, 19, 22, 25; 7:1, 2, 22, 24, 25; 8:7, 9, 14, 15, 20; 9:1, 2, 3, 4, 5, 9, 10, 12, 14, 15, 17, 18, 23, 25, 26, 28; 10:1, 3, 4, 5, 6, 8, 11, 14, 22; 11:3, 6, 8, 10, 11, 23, 24, 25, 26, 29, 30, 31, 32; 12:2, 5, 6, 7, 8, 10, 11, 12, 14, 17, 18, 21, 29, 30; 13:5, 7, 12, 15, 16; 14:23, 24, 26, 27, 28, 29; 15:7, 20, 21, 22; 16:1, 2, 3, 5, 6, 11, 14, 16, 18; 17:1, 2, 8, 11, 12, 14, 18, 19, 20; 18:6, 7, 12, 15; 19:2, 3, 4, 17; 20:1, 2, 10, 11; 21:2, 4, 6, 14, 16; 22:2, 6, 17; 23:4, 10, 11, 12, 13, 14, 16, 20; 24:4, 6, 9, 11, 13, 14, 15; 25:2, 5, 7, 17, 18, 19; 26:1, 2, 4, 5, 8, 10, 12, 13, 15, 19; 27:2, 3, 4, 5, 7, 12; 28:1, 7, 13, 14, 21, 23, 24, 25, 30, 31, 37, 40, 43, 52, 54, 56, 57, 63, 64, 65, 66, 68; 29:2, 10, 15, 16, 20, 23, 25; 30:1, 3, 4, 12, 13, 14, 15, 16, 18, 19; 31:2, 3, 5, 8, 11, 12, 13, 15, 16, 26; 32:11, 13, 22, 25, 27, 37, 47, 49, 50, 51, 52; 33:10, 13, 19, 21, 27; 34:1, 2, 4, 5, 6
Josh 1:2, 4, 5, 7, 8, 9, 11, 14, 15, 16; 2:1, 2, 4, 5, 6, 8, 10, 11, 15, 22, 23; 3:1, 2, 4, 6, 9, 10, 11, 13, 14, 16, 17; 4:1, 3, 5, 7, 8, 9, 10, 11, 12, 13, 16, 17, 18, 19, 22, 23; 5:1, 5, 13, 15; 6:3, 4, 5, 6, 7, 8, 9, 11, 13, 17, 20, 23, 24, 26, 27; 7:2, 3, 4, 5, 6, 7, 8, 9, 12, 13, 21, 22, 23, 26; 8:1, 2, 3, 4, 5, 6, 9, 10, 11, 12, 13, 14, 15, 18, 20, 22, 24, 29, 31, 32, 33, 35; 9:1, 8, 10, 12, 24; 10:4, 5, 6, 8, 9, 10, 11, 12, 13, 23, 27, 28, 30, 32, 33, 35, 36, 37, 39; 11:3, 5, 6, 11, 17, 22; 12:1, 2, 3, 7, 9; 13:3, 4, 5, 6, 8, 9, 16, 25, 27, 32; 14:3, 8, 9, 12; 15:3, 4, 5, 6, 7, 8, 10, 11, 12, 15, 19, 21; 16:1, 2, 3, 5, 6, 7, 8; 17:4, 5, 7, 9, 15, 18; 18:1, 4, 6, 7, 8, 9, 10, 12, 13, 14, 15, 16, 17, 18, 19, 20; 19:1, 8, 9, 11, 12, 13, 14, 18, 22, 26, 27, 29, 33, 34, 46, 47, 50, 51; 20:3, 6, 8, 9; 21:11, 41, 42, 43, 44; 22:4, 7, 10, 11, 14, 19, 25, 27, 29, 33; 23:1, 5, 6, 9, 13; 24:1, 2, 3, 4, 8, 11, 12, 14, 15, 17, 18, 26, 30, 32
Judg 1:7, 9, 15, 16, 22, 24, 34, 36; 2:1, 3, 5, 9, 12, 14, 15, 21, 22; 3:16, 23, 26, 27, 28, 30; 4:5, 6, 10, 12, 14, 15, 20, 23; 5:5, 6, 9, 11, 14, 17, 18, 24, 27, 28, 30; 6:3, 5, 8, 9, 11, 13, 18, 19, 24, 33, 35, 37; 7:1, 4, 5, 8, 9, 10, 11, 12, 16, 18, 21, 22, 24, 25; 8:3, 4, 8, 11, 13, 25, 26, 27, 28, 34; 9:21, 25, 26, 29, 33, 36, 37, 38, 39, 40, 43, 45, 48, 50, 51; 10:8, 9; 11:9, 11, 13, 16, 17, 18, 19, 20, 23, 24, 26, 29, 31, 32, 33, 37; 12:3, 5, 6, 9; 13:6, 20, 25; 14:1, 2, 5, 7, 10, 16, 17, 19; 15:4, 6, 8, 9, 10, 12, 13; 16:1, 2, 3, 5, 6, 15, 21, 25, 27, 29, 30, 31; 17:7, 8, 9; 18:2, 3, 6, 7, 10, 12, 17, 20, 21, 28; 19:1, 2, 4, 7, 9, 10, 11, 12, 15, 17, 18, 22, 26, 30; 20:3, 5, 6, 7, 10, 12, 16, 18, 19, 21, 22, 23, 24, 25, 26, 27, 28, 29, 30, 31, 32, 33, 35, 36, 37, 39, 40, 42, 43, 45; 21:2, 4, 5, 8, 9, 10, 19
Ruth 1:2, 4, 7, 16, 17; 2:8, 12, 14, 19; 3:4, 7; 4:1, 2, 4
1Sam 1:3, 7, 12, 15, 19, 21, 22, 24, 26, 28; 2:11, 14, 17, 18, 19, 21, 28, 30, 35; 3:1, 3, 4, 5, 6, 8, 16; 4:1, 2, 3, 4, 17, 18; 5:3, 4, 8, 9, 10, 11, 12; 6:8, 9, 12, 14, 15, 18, 20, 21; 7:6, 7, 10, 11, 12, 17; 8:8, 11, 20; 9:2, 4, 6, 8, 10, 11, 12, 13, 14, 18, 19, 24, 25, 26, 27; 10:3, 5, 8, 10, 13, 14, 18, 19, 22, 23, 25; 11:1, 7, 11, 14, 15; 12:2, 3, 6, 7, 8, 11, 16; 13:3, 5, 6, 7, 9, 11, 12, 15, 18, 19, 20; 14:1, 2, 4, 5, 6, 8, 9, 10, 11, 12, 13, 14, 18, 21, 23, 34, 36, 37, 38, 40, 46, 47; 15:2, 6, 7, 12, 30, 32, 33, 34; 16:6, 7, 8, 10, 11, 13, 16, 21, 22; 17:1, 3, 7, 8, 28, 30, 31, 41, 42, 48, 55, 57; 18:5, 10, 13, 16, 30; 19:3, 15, 22, 23, 24; 20:1, 9, 12, 19, 20, 21, 22, 25, 36, 37, 41; 21:2, 3, 4, 6, 7, 8, 9, 13; 22:1, 2, 3, 4, 6, 7, 12, 17, 22; 23:3, 4, 6, 8, 9, 11, 13, 18, 19, 20, 22, 23, 24, 25, 26, 29; 24:3, 8, 22; 25:1, 5, 11, 13, 19, 20, 22, 23, 29, 34, 36, 37; 26:1, 2, 3, 5, 6, 7, 13, 16, 19, 20; 27:2, 5, 8, 10; 28:20, 22, 25; 29:2, 4, 11; 30:2, 7, 9, 10, 13, 16, 20, 21, 24, 31; 31:1, 7, 9, 12, 13
2Sam 1:3, 7, 10, 13, 19, 21, 25; 2:1, 2, 4, 8, 13, 14, 15, 17, 18, 19, 20, 23, 24, 29; 3:16, 27, 28, 31, 34, 35; 4:3, 6, 7, 12; 5:3, 6, 9, 17, 19, 20, 22, 23, 24; 6:4, 5, 7, 14, 16, 17, 21; 7:1, 2, 7, 9, 15, 16, 18, 23, 26, 29; 8:6, 14; 9:4; 10:4, 6, 9, 13, 14, 15, 16, 18, 19; 11:1, 8, 9, 10, 12, 13, 15, 16, 20, 21; 12:11, 12, 20, 31; 13:9, 13, 23, 34, 38, 39; 14:1, 19, 30, 32, 33; 15:1, 2, 5, 10, 16, 17, 18, 20, 21, 22, 23, 24, 29, 30, 32, 35, 36; 16:3, 5, 6, 13, 14; 17:12, 13, 16, 18, 19, 20, 21, 22, 24; 18:2, 3, 4, 7, 8, 9, 11, 14, 24, 28, 30, 33; 19:7, 8, 9, 13, 15, 16, 17, 18, 20, 24, 28, 31, 33, 34, 36, 37, 38, 39, 41; 20:2, 4, 8, 12, 14, 16, 20, 21; 21:6, 8, 9, 12, 13, 15, 19, 20; 22:3, 9, 10, 12, 13, 17, 23, 24, 30, 34, 37, 39, 40, 43, 46, 48, 49; 23:1, 9, 11, 12, 13, 20, 21; 24:2, 5, 6, 8, 13, 15, 18, 19, 20, 25
1Kgs 1:2, 3, 5, 23, 25, 28, 32, 33, 34, 35, 38, 40, 45, 53; 2:1, 3, 4, 5, 8, 19, 26, 30, 34, 36, 37, 42, 45; 3:1, 2, 3, 4, 6, 8, 15, 16, 20, 22, 24; 4:12, 24, 25, 28, 31; 5:3, 4, 9; 6:3, 4, 5, 6, 7, 8, 10, 15, 16, 17, 18, 19, 21, 23, 27, 29, 30, 31, 38; 7:3, 4, 5, 6, 7, 8, 9, 11, 12, 15, 18, 20, 23, 24, 25, 28, 29, 30, 31, 32, 35, 36, 39, 44, 46, 49; 8:5, 6, 7, 8, 9, 16, 21, 22, 23, 25, 28, 29, 30, 31, 33, 35, 36, 38, 42, 44, 47, 48, 50, 51, 54, 59, 62, 64, 65; 9:3, 4, 6, 8, 9, 16, 17, 24, 25, 26; 10:5, 8, 19, 20, 29; 11:7, 15, 16, 24, 36; 12:6, 8, 25, 27, 28, 30; 13:2, 4, 14, 17, 25, 31; 14:2, 9, 10, 13, 15, 21, 23, 24, 25; 15:17, 22; 16:11, 17, 18; 17:1, 3, 4, 5, 9, 10, 19, 23; 18:6, 10, 12, 15, 23, 25, 32, 35, 40, 41, 42, 43, 44, 46; 19:3, 4, 5, 9, 11, 13, 19; 20:1, 22, 26, 27, 33, 39, 40; 21:9, 10, 12, 13, 16, 18, 19, 21, 26, 29; 22:2, 6, 7, 10, 12, 19, 20, 21, 22, 29, 35, 36
2Kgs 1:3, 4, 6, 7, 8, 9, 13, 16; 2:1, 2, 3, 4, 6, 8, 9, 11, 14, 15, 16, 20, 21, 23, 24; 3:7, 8, 11, 12, 14, 21, 22, 24, 25; 4:1, 3, 8, 10, 11, 12, 21, 27, 31, 34, 35, 38, 43, 44; 5:11, 14, 15, 16, 18, 23, 25; 6:1, 2, 6, 9, 10, 13, 14, 15, 17, 18, 20, 22, 24, 27, 32, 33; 7:3, 5, 10, 11, 17; 8:1, 3, 7, 9, 20, 21, 22, 29; 9:2, 8, 11, 13, 15, 16, 18, 19, 27, 33; 10:4, 21, 23, 25; 11:6, 7, 8, 11, 15, 16, 18, 20; 12:2, 5, 9, 17, 20; 13:5, 6, 11, 14; 14:6, 11, 12, 19, 27; 15:10, 14, 16, 20; 16:3, 4, 5, 6, 7, 9, 14, 17, 18; 17:2, 3, 5, 7, 8, 10, 11, 15, 17, 25, 27, 29, 36; 18:7, 9, 13, 17, 19, 22, 25, 34; 19:13, 14, 15, 22, 23, 30, 31, 32; 20:3, 4, 5, 8, 10, 11, 14; 21:2, 6, 9, 13, 15; 22:2, 4, 10, 19; 23:2, 3, 4, 5, 6, 7, 8, 9, 10, 13, 16, 20, 27, 29, 34; 24:1, 10; 25:1, 4, 6, 7, 10, 17, 28, 29
1Chr 3:4; 4:23, 33, 39, 40, 41, 43; 5:10, 11, 25; 6:32, 39, 44, 54, 55, 60, 78; 7:21, 24; 8:32; 9:24, 27, 38; 10:1, 9, 12; 11:3, 4, 5, 8, 13, 14, 15, 22, 23; 12:1, 2, 15, 22, 37, 39, 40; 13:2, 6, 8, 10; 14:2, 10, 11, 12, 13, 14, 15; 15:3, 12, 14, 24, 25, 28; 16:1, 4, 6, 29, 30, 32, 37, 39; 17:1, 5, 6, 8, 13, 16, 21, 24, 25, 27; 18:6, 13; 19:4, 7, 9, 10, 14, 15, 16, 17, 18, 19; 20:6; 21:4, 12, 16, 18, 22, 26, 28, 30; 22:5, 9, 18; 23:13, 31; 24:2, 6, 19; 25:2, 3, 6, 8; 26:6, 12, 16, 17, 28, 29, 30; 27:1; 28:12; 29:10, 11, 15, 17, 22
2Chr 1:3, 4, 5, 6, 10, 13, 17; 2:3, 4, 5, 6, 16; 3:1, 4, 15, 17; 4:2, 3, 4, 7, 8, 10, 15, 17, 19, 20; 5:2, 4, 5, 6, 7, 8, 9, 12; 6:5, 6, 11, 12, 13, 14, 16, 19, 20, 21, 22, 24, 26, 27, 34, 36, 37, 38; 7:4, 6, 7, 16, 17, 19, 21, 22; 8:1, 2, 5, 6, 12, 14, 17; 9:4, 7, 18, 19; 10:2, 6, 8, 18; 11:4, 12, 23; 12:2, 9, 13; 13:4, 13, 14, 15, 16, 18; 14:5, 7, 12, 13, 14; 15:8, 15; 16:1, 9; 17:9, 10, 19; 18:2, 5, 6, 9, 11, 14, 18, 19, 20, 24, 28, 34; 19:2, 4, 5, 11; 20:2, 3, 5, 7, 8, 9, 13, 14, 16, 18, 19, 20, 21, 24, 26, 27, 30; 21:8, 9, 10, 17; 22:6; 23:2, 7, 10, 15, 17, 20; 24:8, 9, 14, 16, 20, 23; 25:4, 5, 8, 11, 12, 14, 21, 22, 27; 26:6, 8, 11, 13, 14, 15, 19; 27:3, 6; 28:3, 4, 9, 13, 14, 18; 29:11, 16, 19, 20, 23; 30:5, 6, 9, 10, 27; 31:5, 13, 14, 20; 32:3, 4, 5, 10, 12, 21, 22, 23, 30; 33:2, 6, 9, 12, 14, 19, 23; 34:2, 4, 6, 7, 18, 24, 27, 30, 31; 35:20; 36:6, 12, 20, 22, 23
Ezra 1:1, 3, 4, 5, 6; 2:1, 59; 3:11, 12; 4:2, 10, 11, 12, 16, 17, 18, 19, 20, 23; 5:3, 6, 7, 17; 6:1, 2, 3, 6, 8, 12, 13; 7:6, 7, 9, 13, 19, 21, 25, 28; 8:1, 15, 21, 29, 32, 36; 9:6, 15; 10:1, 6, 7, 13
Neh 1:3, 4, 6, 8, 9; 2:1, 7, 9, 11, 13, 14, 15, 16; 3:2, 4, 5, 7, 8, 9, 10, 12, 15, 16, 17, 18, 19, 20, 21, 22, 23, 24, 25, 26, 27, 28, 29, 30, 31, 32; 4:2, 5, 11, 12, 13, 16, 18, 20, 22; 5:16, 17; 6:1, 3, 6, 10, 16, 19; 7:3, 4, 5, 6, 61; 8:1, 2, 3, 4, 5, 15, 16, 17; 9:6, 7, 8, 11, 12, 13, 18, 19, 24, 26, 28, 32, 35; 10:39; 11:16; 12:1, 9, 24, 28, 29, 31, 32, 36, 37, 38, 39; 13:1, 5, 9, 15, 16, 20, 21
Esth 1:3, 6, 11, 13, 16, 17, 19, 20; 2:11, 23; 3:1, 6, 7, 8; 4:1, 2, 3, 6, 8; 5:1, 9, 11, 14; 6:1, 9, 11, 13; 7:5, 6, 8, 9; 8:1, 3, 4, 5, 11, 17; 9:2, 4, 11, 20, 22, 25
Job 1:6, 7, 10, 12, 14, 21; 2:1, 2, 7, 12; 3:3, 4, 7, 17, 18, 19; 4:7, 11, 15, 16, 19; 5:7, 11; 6:16, 20, 24; 7:4, 9; 8:16, 17; 9:13, 24; 10:8; 11:8, 13, 18; 13:15, 16, 25; 14:10; 15:4, 23; 16:13, 19; 17:15, 16; 18:11, 12, 16; 19:10, 12; 20:6, 7, 12; 21:8, 13, 18, 21, 22, 28, 33; 22:10, 12; 23:3, 4, 8, 9, 17; 24:11, 16, 23, 24; 25:2; 26:5, 6, 7, 8; 28:1, 5, 12, 20, 21, 24; 29:3, 5, 7; 30:2, 7, 11, 12, 18; 31:2, 10, 28; 33:5; 34:22; 35:10, 12, 14; 36:16; 37:3, 12; 38:4, 11, 15, 19, 26, 35; 39:18, 26, 27, 30; 40:11, 20, 21, 22; 41:10, 11, 14, 22, 24, 30, 34
Ps 1:3; 3:6; 4:3; 5:3, 7, 8; 7:7, 16; 8:1, 6, 8; 10:5, 7; 12:8; 14:2; 16:8, 11; 17:8, 9; 18:2, 5, 6, 8, 9, 11, 12, 16, 22, 23, 27, 29, 33, 36, 38, 39, 42, 45, 47, 48; 19:3, 4, 6; 22:12, 14, 22, 25, 27, 29; 23:2, 4, 5; 24:1; 25:15; 26:3, 8; 27:5, 6, 10; 28:2; 31:13, 19, 22; 32:6, 7, 10; 34:7, 18; 35:5; 36:1, 6, 7, 12; 37:2, 29; 38:9, 17; 39:1, 5, 13; 40:2, 12, 14; 41:6, 12; 42:2, 3, 10; 44:5, 13, 15; 45:5, 7, 12; 46:2, 5, 9; 47:3; 48:2, 6, 9, 12; 49:5; 50:3, 4, 8, 17, 21; 51:3; 52:9; 53:5; 54:3; 55:10, 11, 15; 56:13; 57:5, 6, 11; 59:6, 14, 15; 61:2, 7; 62:8; 63:1, 9; 65:8, 12; 66:5, 6, 12; 68:1, 2, 3, 4, 7, 10, 15, 16, 18, 25; 69:2, 18, 19, 22, 29, 34, 35, 36; 70:2; 71:19, 20, 21; 72:6, 9, 11; 73:2, 6, 9, 10, 22; 74:2, 4, 12; 75:5, 7; 76:11; 77:17; 78:13, 23, 28, 35, 55, 66, 69; 79:3, 4, 10, 11; 80:1, 9; 81:2, 5; 83:13; 84:3, 6, 7; 85:4, 9, 13; 86:9, 13, 14; 87:4, 6, 7; 88:1, 2, 3, 6, 17; 89:7, 8, 13, 14, 23, 36, 49; 90:8; 91:1, 4, 7, 10, 13, 14; 93:4; 95:2, 3, 6; 96:4, 6, 9, 12, 13; 97:2, 3, 9; 98:3, 6, 7, 9; 99:1, 2; 100:2; 101:3, 5, 7; 102:10, 19, 24, 28; 103:11; 104:6, 8, 9, 17, 18, 19, 20, 25, 26; 105:17; 106:9, 23, 42; 107:7, 23, 26, 27, 34, 36, 40, 41; 108:4, 5; 109:3, 15, 23; 110:2; 111:2; 113:3, 4, 5; 115:2; 116:9, 12, 19; 117:2; 118:10, 11, 12; 119:30, 35, 46, 127, 136, 150, 168, 169, 170; 121:1; 122:4, 7, 8; 125:2, 5; 126:6; 128:3; 131:1; 132:14, 17; 133:2, 3; 135:5, 9; 136:6, 14, 16; 137:1, 2, 3, 6; 138:1, 2, 6, 7; 139:5, 6, 7, 8, 9, 10, 11, 15; 140:3, 9; 141:2, 3; 142:2, 3, 4, 7; 143:3, 8; 144:2, 5, 7; 145:18; 146:6, 9; 147:6, 17; 148:4, 13; 149:6
Prov 1:9, 20; 3:3; 4:21, 25, 27; 5:8, 14, 16, 21; 6:21; 7:8, 12; 8:2, 20, 26, 27, 28, 30; 9:3, 4, 14, 16, 18; 11:14; 12:24; 14:4, 19, 33, 35; 15:4, 11, 17, 24; 16:25; 17:8, 24; 18:11, 16, 24; 20:19; 21:1, 4, 6; 22:13, 14, 27, 29; 23:1, 5, 27, 34; 24:7, 27; 25:5, 7, 26; 26:20, 26, 27; 27:4; 29:18; 30:4, 19; 31:10
Eccl 1:3, 5, 6, 7, 9, 13, 14; 2:3, 7, 11, 17, 18, 19, 20, 21, 22, 26; 3:1, 9, 14, 16, 17, 21; 4:1, 3, 7, 15; 5:2, 6, 8, 13, 18; 6:1, 8, 12; 7:6, 24; 8:4, 9, 10, 12, 13, 15, 17; 9:1, 3, 6, 9, 10, 11, 13, 14; 10:2, 5; 11:3; 12:1, 5
Song 1:7, 8; 2:3, 6, 9; 3:2, 3, 7, 10; 4:2, 4, 11; 5:7; 6:1, 6; 7:4, 8, 10, 11, 12; 8:1, 3, 5, 12
Isa 1:4, 12, 16; 2:2, 3, 9, 11, 12, 13, 14, 15, 17, 22; 3:6, 12, 18; 4:4; 5:2, 8, 15, 19, 24, 25, 26, 29; 6:1, 5, 7, 8, 12; 7:1, 3, 6, 11, 20, 23, 24, 25; 8:4, 7, 8, 11, 21; 9:1, 3, 10, 12, 17, 18, 21; 10:3, 4, 12, 13, 15, 16, 23, 27, 29, 33, 34; 11:6, 7, 14, 15, 16; 12:1, 6; 13:2, 5, 11, 16, 20, 21; 14:3, 8, 9, 11, 12, 13, 14, 15, 19, 21, 22, 25, 30; 15:2, 5, 6, 7, 8; 16:3, 8, 10, 12; 17:1, 6, 13; 18:1, 3, 5, 7; 19:1, 3, 6, 7, 12, 14, 16, 19, 24; 20:4, 6; 21:1, 2, 3, 9; 22:1, 4, 9, 11, 16, 17, 18, 19; 23:2, 6, 10, 11, 12, 16, 18; 24:1, 5, 6, 13, 18, 20, 21, 23; 25:5, 10, 11, 12; 26:5, 6, 7, 8, 11, 20; 27:10; 28:3, 10, 13, 15, 18, 25; 29:1, 3, 13, 16, 23; 30:2, 6, 8, 11, 13, 21, 22, 25, 28, 32; 31:1, 3, 4; 32:15, 19, 20; 33:4, 5, 7, 16, 18, 21, 24; 34:1, 5, 7, 10, 12, 14, 15, 17; 35:7, 8, 9, 10; 36:1, 3, 4, 6, 7, 10, 17, 19; 37:9, 13, 14, 16, 23, 24, 31, 32, 33, 36; 38:2, 3, 8, 14, 17, 18, 22; 39:3, 7; 40:4, 9, 10, 17, 24, 26, 31; 41:1, 2, 9, 16, 18, 25; 42:5, 10, 16, 25; 43:2; 44:15, 23, 24, 25; 45:1, 2, 8; 47:2, 11, 12, 14; 48:1, 3, 16, 19, 20, 21; 49:6, 9, 16, 18, 19, 21, 23, 25; 50:1, 11; 51:1, 3, 5, 6, 10, 11, 13; 52:4, 5, 11, 12, 13; 53:2, 7; 54:9; 55:10, 11, 12; 56:5, 11; 57:1, 3, 5, 7, 8, 13, 15, 16; 58:4, 5, 8, 9, 14; 59:8, 12, 13, 14; 60:4, 18, 20; 61:11; 62:10, 11; 63:7, 11, 12, 13, 14, 15; 64:1, 3, 6, 11; 65:6, 9, 12; 66:1, 4, 14, 17, 22, 23, 24
Jer 1:3, 5, 9, 10, 13, 14, 15, 17; 2:6, 8, 10, 20, 22, 24, 27, 28, 34, 37; 3:2, 6, 9, 12, 13, 18, 21; 4:1, 4, 6, 7, 11, 17, 26, 28, 29, 31; 5:1, 3, 6, 10, 15, 17, 22; 6:1, 3, 6, 7, 9, 11, 15, 16, 20, 21, 22, 23, 25; 7:2, 10, 12, 14, 15, 20, 22, 24, 25, 29; 8:1, 2, 3, 12, 14, 16, 22; 9:3, 6, 12, 13, 18, 19, 21, 22, 26; 10:3, 11, 13, 17, 20, 22, 25; 11:4, 7, 16; 12:3, 4, 5, 7, 9, 10, 12, 16; 13:1, 4, 5, 6, 7, 13, 16, 17, 18, 19, 20, 24, 26; 14:6, 9, 17, 18; 15:1, 2, 4, 6, 8, 9, 12, 14, 15, 19, 21; 16:4, 5, 8, 9, 13, 14, 15, 16, 17, 19; 17:1, 2, 3, 8, 11, 12, 15, 16, 19, 20, 21, 22, 24, 25, 26; 18:2, 3, 16, 17, 20, 23; 19:2, 3, 7, 8, 13, 14, 15; 20:2, 3, 4, 5, 6, 10, 18; 21:4, 7, 8, 10, 12, 13, 14; 22:1, 2, 3, 4, 7, 8, 10, 11, 12, 15, 19, 20, 24, 25, 26, 27, 28, 30; 23:2, 3, 7, 8, 12, 15, 19, 23, 39, 40; 24:1, 5, 6, 9; 25:9, 13, 22, 23, 26, 29, 30, 32, 33, 37; 26:4, 10, 15, 18, 21, 22, 23, 24; 27:2, 5, 6, 8, 11, 12, 20, 22; 28:1, 3, 4, 5, 6, 10, 11, 12, 14, 16; 29:1, 4, 6, 7, 8, 10, 11, 14, 16, 17, 18, 21; 30:7, 8, 11, 18, 19, 20, 21, 23; 31:4, 5, 6, 8, 9, 19, 21, 24, 32, 36, 37, 39, 40; 32:3, 4, 5, 12, 13, 18, 19, 20, 23, 24, 25, 28, 29, 30, 31, 35, 36, 37, 40, 43, 44; 33:4, 9, 11, 12, 13, 17, 18, 21, 24, 26; 34:2, 3, 13, 15, 17, 18, 20, 21; 35:2, 4, 5, 7, 11, 17, 19; 36:2, 4, 5, 6, 7, 12, 14, 15, 19, 20, 21, 22, 23, 29, 30, 31, 32; 37:4, 5, 7, 10, 12, 13, 16, 17, 19, 20, 21; 38:2, 3, 6, 8, 9, 10, 11, 12, 13, 14, 16, 17, 18, 19, 21, 22, 23, 26, 28; 39:3, 4, 5, 6, 9, 14, 16, 17; 40:1, 2, 3, 4, 5, 7, 12; 41:1, 3, 6, 7, 9, 10, 12, 14, 17; 42:2, 3, 9, 14, 15, 16, 17, 18, 19, 22; 43:2, 3, 5, 7, 10, 12; 44:2, 6, 7, 8, 10, 12, 14, 15, 17, 21, 28, 30; 45:5; 46:2, 4, 5, 6, 7, 8, 9, 10, 11, 14, 15, 16, 17, 18, 20, 21, 24, 26, 28; 47:2, 5, 6, 7; 48:5, 7, 8, 9, 15, 17, 18, 19, 21, 22, 23, 24, 28, 32, 37, 38, 39, 40, 43, 44, 45; 49:3, 5, 8, 16, 17, 18, 19, 20, 22, 28, 29, 31, 32, 33, 36, 37; 50:3, 6, 8, 9, 13, 14, 15, 17, 19, 21, 25, 26, 27, 28, 29, 32, 35, 36, 37, 38, 39, 40, 41, 42, 44, 45; 51:1, 2, 3, 6, 9, 10, 11, 12, 13, 16, 25, 31, 34, 35, 40, 42, 43, 44, 45, 47, 48, 50, 51, 52, 53, 55, 56, 58, 59, 60, 63, 64; 52:3, 4, 7, 9, 10, 12, 14, 15, 20, 22, 23, 25, 27, 28, 29, 30, 31, 32, 33
Lam 1:3, 5, 6, 8, 13, 15, 17, 20, 22; 2:3, 12, 19, 22; 3:7, 34, 35, 45, 54, 66; 4:13, 15; 5:5, 13
Ezek 1:3, 4, 5, 8, 10, 11, 12, 13, 16, 17, 18, 19, 20, 21, 22, 23, 25, 26, 27, 28; 2:9, 10; 3:12, 13, 14, 15, 20, 22, 23, 24; 4:1, 2, 3, 4, 6, 7, 8, 9, 13; 5:2, 4, 5, 6, 7, 8, 10, 12, 14, 15; 6:2, 4, 5, 7, 8, 9, 13, 14; 7:4, 9, 15, 20; 8:1, 2, 3, 4, 5, 6, 9, 10, 11, 14, 16, 17; 9:2, 3, 4, 5, 6, 7, 11; 10:1, 2, 3, 4, 6, 7, 8, 10, 11, 12, 15, 16, 17, 18, 19, 20, 21; 11:1, 7, 9, 11, 12, 16, 17, 18, 22, 23, 24; 12:2, 4, 5, 7, 12, 13, 14, 16, 19, 24; 13:5, 12, 14, 20; 14:1, 3, 4, 7, 8, 9, 15, 17, 22; 15:4; 16:8, 18, 19, 21, 27, 33, 37, 42, 43, 46, 50, 53, 57, 63; 17:6, 7, 9, 10, 16, 20, 21, 22, 23, 24; 19:6, 8; 20:1, 6, 8, 9, 10, 14, 22, 23, 26, 28, 31, 34, 35, 37, 38, 40, 41, 43, 46, 47; 21:2, 4, 6, 16, 19, 26, 30, 32; 22:3, 7, 9, 10, 13, 18, 19, 20, 21, 22, 25, 27, 30; 23:3, 19, 22, 24, 35, 37, 39, 41; 24:5, 6, 7, 23; 25:9; 26:5, 10, 12, 15, 16, 20; 27:4, 11, 19, 25, 26, 27, 29, 32, 33, 34; 28:2, 8, 9, 14, 16, 17, 18, 22, 23, 24, 26; 29:3, 4, 11, 12, 13, 14, 15, 21; 30:6, 7, 9, 12, 18, 23, 24; 31:3, 4, 5, 6, 10, 14, 15, 16, 17, 18; 32:2, 3, 6, 10, 13, 15, 18, 19, 20, 21, 22, 23, 24, 25, 26, 27, 28, 29, 30, 32; 33:25, 28, 31; 34:6, 12, 14, 21, 26; 35:10; 36:2, 3, 4, 7, 17, 19, 20, 21, 22, 23, 26, 27, 36; 37:1, 2, 7, 8, 20, 21, 23, 25, 26, 28; 38:4, 8, 12, 15, 16, 21; 39:2, 7, 9, 11, 14, 15, 17, 28; 40:1, 2, 3, 4, 5, 6, 7, 8, 12, 13, 14, 16, 17, 18, 19, 20, 22, 23, 24, 25, 26, 27, 29, 30, 31, 32, 33, 34, 36, 37, 38, 40, 42, 43, 44, 45, 46, 47, 49; 41:4, 5, 6, 7, 8, 9, 10, 11, 12, 14, 15, 16, 17, 18, 19, 20, 22, 25; 42:1, 2, 3, 4, 5, 6, 7, 8, 9, 10, 11, 12, 13, 14, 15, 16, 17, 19, 20; 43:1, 4, 5, 7, 8, 9, 11, 12, 13, 14, 15, 17, 20, 21, 24; 44:1, 3, 4, 11, 12, 14, 15, 17, 19; 45:1, 2, 6, 7; 46:1, 2, 3, 8, 9, 10, 12, 19, 20, 21, 23, 24; 47:1, 2, 3, 4, 5, 6, 8, 9, 15, 16, 20; 48:1, 8, 10, 13, 15, 17, 18, 21, 22, 28, 30, 31, 35
Dan 1:5, 13, 18, 19; 2:2, 9, 10, 11, 24, 25, 31, 36, 38; 3:3, 6, 11, 13, 15, 21, 23, 24, 25, 26; 4:2, 6, 7, 8, 10, 11, 12, 13, 14, 21, 22, 23; 5:1, 2, 5, 6, 7, 13, 15, 16, 17, 19, 23, 29; 6:3, 10, 11, 12, 13, 18, 22, 26; 7:3, 4, 5, 8, 10, 13, 15, 20, 27; 8:3, 4, 5, 6, 7, 8, 9, 13, 15, 16, 17, 18, 21; 9:7, 10, 12, 13, 15, 16, 18, 20, 22, 23, 25, 27; 10:4, 9, 12, 13, 15, 16, 20; 11:4, 5, 10, 11, 16, 17, 19, 22, 23, 29, 36, 37, 40, 44, 45; 12:4, 5
Hos 1:10, 11; 2:13, 15; 3:1; 4:3, 12, 13, 15; 5:1, 4; 6:3, 7, 10; 7:2, 9; 8:8, 9; 9:15; 10:9, 11; 11:9, 12; 12:4; 13:8, 10, 15; 14:7, 9
Joel 1:16, 17; 2:3, 9, 10, 11, 14, 16, 17, 20, 23, 27; 3:2, 7, 11, 12, 17, 18
Amos 1:2; 2:3, 9, 10, 13; 3:1, 5, 9, 11; 4:3, 13; 5:3, 17, 27; 6:2, 4, 8, 10, 12; 7:8, 9, 10, 12; 8:8, 9, 12; 9:3, 5
Obad 1:3, 7, 11, 21
Jonah 1:2, 3, 5, 8; 2:3, 4, 5, 6; 3:7; 4:2, 5, 6, 10, 11
Mic 1:2, 3, 4, 5, 11, 12; 2:12, 13; 3:6, 12; 4:1, 2, 4, 10; 5:2, 6, 7, 8, 10, 13, 14; 6:1, 3, 4, 6, 14; 7:10, 13, 14
Nah 1:5, 6, 12, 15; 2:1, 11; 3:7, 8, 13, 15, 16, 17
Hab 1:3, 4, 6, 11; 2:8, 9, 17, 18, 19, 20; 3:2, 10, 12, 15, 19
Zeph 1:14, 16; 2:14; 3:5, 10, 11, 12, 15, 17, 19, 20
Hag 1:8, 10, 12; 2:14, 15, 18, 22
Zech 1:5, 8, 10, 11, 17, 21; 2:2, 3, 4, 5, 6, 10, 11, 13; 3:1, 3, 4, 8, 9, 10; 4:3, 7, 10, 11, 12; 5:3, 4, 5, 6, 7, 8, 9, 10; 6:1, 5, 6, 7, 8; 7:2, 7, 14; 8:3, 8, 21, 22; 9:1, 8, 11; 10:4, 11, 12; 11:2; 12:2, 6, 8, 12, 13, 14; 13:8, 9; 14:1, 3, 4, 5, 8, 14, 16, 17, 18, 19, 20, 21
Mal 1:2, 6, 7, 11; 2:5, 9, 17; 3:1, 7, 8, 14, 16; 4:3
Matt 1:11, 17; 2:2, 4, 6, 9, 13, 15, 22; 3:4, 5, 16; 4:1, 5, 8, 15, 23, 24, 25; 5:1, 13, 16, 24, 26, 42; 6:1, 2, 19, 20, 21; 7:6, 13, 14; 8:1, 8, 9, 12, 16, 18, 19, 20, 28, 29, 31, 32, 34; 9:1, 9, 20, 26, 31, 32, 33, 34, 35, 36; 10:1, 14, 16, 18, 23, 32, 33; 11:7, 8, 9, 10, 20; 12:1, 14, 24, 41, 42, 43, 44, 46, 47, 49; 13:1, 5, 7, 19, 22, 25, 27, 36, 48, 49, 54, 56, 58; 14:6, 8, 13, 14, 15, 17, 18, 22, 23, 24, 26, 29, 34, 35; 15:8, 22, 23, 29, 32, 33, 39; 16:5, 7, 23, 28; 17:1, 2, 4, 5, 9, 17, 18, 19; 18:2, 20, 28; 19:1, 2, 22; 20:1, 3, 5, 6, 17, 21; 21:1, 2, 9, 12, 17, 25, 33; 22:10, 12, 13, 16; 23:5, 21, 25, 26, 35; 24:1, 2, 17, 23, 27, 28, 35, 39; 25:6, 13, 14, 24, 26, 29, 32, 46; 26:13, 17, 30, 36, 38, 39, 42, 44, 55, 57, 69, 70, 71, 75; 27:2, 11, 24, 29, 31, 32, 35, 36, 37, 38, 40, 42, 45, 47, 53, 55, 60, 61, 64; 28:6, 7, 13, 16
Mark 1:2, 6, 10, 13, 19, 25, 28, 35, 38, 39, 45; 2:4, 6, 12, 13, 20, 21, 23; 3:1, 5, 6, 8, 11, 13, 14, 22, 31, 32, 34; 4:1, 3, 5, 7, 10, 15, 18, 35, 38; 5:1, 11, 13, 21, 27, 32, 33, 40; 6:2, 3, 4, 5, 6, 7, 10, 14, 17, 24, 31, 33, 35, 36, 41, 45, 47, 51, 53, 55, 56; 7:6, 15, 19, 20, 21, 23, 28, 29, 31, 34, 37; 8:3, 4, 6, 7, 10, 11, 13, 24, 25, 33; 9:1, 2, 5, 8, 9, 14, 18, 25, 30, 36, 44, 46, 48; 10:1, 15, 17, 23, 32, 37, 46; 11:1, 2, 3, 4, 5, 9, 11, 16; 12:1, 8, 34, 37, 39, 41; 13:1, 3, 9, 14, 15, 21, 34; 14:9, 12, 13, 14, 15, 16, 32, 34, 48, 60, 66; 15:17, 30, 33, 36, 39, 41, 46, 47; 16:5, 6, 7, 19, 20
Luke 1:4, 6, 8, 10, 11, 17, 25, 43, 65, 75, 76, 78; 2:4, 6, 9, 17, 31, 42, 43, 46, 51; 3:3, 20; 4:5, 8, 9, 14, 16, 17, 23, 29, 30, 31, 35, 37; 5:4, 15, 18, 19, 25, 27, 35; 6:1, 8, 10, 17, 48; 7:6, 8, 12, 17, 24, 25, 26, 38; 8:1, 5, 20, 22, 25, 26, 27, 28, 31, 32, 33, 37, 39, 44, 47; 9:4, 5, 6, 12, 16, 27, 28, 33, 37, 41, 52, 54, 57, 58; 10:1, 6, 8, 9, 10, 11, 31, 32, 33; 11:7, 22, 24, 26, 31, 32, 39, 40, 43, 44, 51; 12:17, 18, 33, 34, 54; 13:15, 22, 25, 27, 31, 33; 14:2, 8, 9, 10, 21, 23; 15:13, 23, 25, 28; 16:3, 26; 17:11, 17, 21, 24, 29, 37; 18:4, 17, 35, 39; 19:1, 4, 5, 6, 11, 12, 20, 27, 28, 29, 30, 37, 43, 45; 20:7, 9, 10, 11, 20, 26, 46; 21:1, 2, 7, 12, 21, 24, 36; 22:1, 9, 10, 11, 12, 38, 47, 49, 51, 55; 23:5, 14, 26, 33, 38, 44, 45, 53, 55; 24:4, 6, 18, 19, 28, 29, 36, 41, 43, 49, 51
John 1:28, 38, 39, 43, 48; 2:1, 6, 9, 12, 13; 3:8, 22, 23, 26, 31; 4:4, 6, 11, 15, 16, 20, 37, 38, 40, 46, 47, 49, 51; 5:1, 4, 5, 7; 6:1, 3, 4, 5, 9, 16, 17, 19, 21, 22, 23, 24, 25, 42, 62, 67; 7:3, 10, 11, 14, 27, 28, 34, 35, 36, 42; 8:3, 9, 10, 14, 19, 21, 22, 59; 9:12, 29, 30; 10:4, 24, 40, 42; 11:6, 8, 15, 18, 21, 30, 31, 32, 34, 39, 41, 44, 52, 54, 55, 57; 12:1, 2, 6, 9, 13, 20, 26, 35, 37; 13:33, 36; 14:3, 4, 5, 28; 15:8; 16:2, 5, 7; 17:24; 18:1, 2, 3, 4, 6, 16, 18, 20; 19:4, 5, 9, 12, 13, 17, 18, 20, 34, 41, 42; 20:2, 3, 11, 12, 13, 15, 19, 20, 26, 27; 21:3, 6, 9, 11, 18, 23
Acts 1:2, 9, 10, 11, 13, 15, 18, 20, 22; 2:2, 5, 6, 8, 10, 19, 22, 25; 3:1; 4:10, 12, 31; 5:16, 19, 23, 27, 34; 6:6; 7:4, 7, 11, 15, 16, 17, 29, 33, 34, 40, 43, 45, 46, 55, 56; 8:1, 4, 5, 15, 26, 27, 30, 31, 32, 36, 38, 39, 40; 9:3, 10, 14, 21, 25, 30, 31, 32, 33, 38, 40, 42; 10:4, 6, 9, 11, 12, 16, 17, 18, 20, 21, 30, 32, 33, 37; 11:2, 5, 11, 19, 22, 28; 12:4, 6, 7, 10, 12, 14, 19; 13:4, 6, 17, 29, 31, 47, 49; 14:6, 7, 11, 13, 15, 19, 20, 24, 25, 26, 28; 15:1, 2, 3, 33, 34, 36, 41; 16:1, 3, 4, 6, 8, 9, 13, 15, 28, 29, 34; 17:1, 6, 10, 13, 14, 21, 22, 24, 30; 18:11, 17, 18, 19, 22, 23; 19:1, 9, 19, 21, 26, 35, 37; 20:2, 3, 6, 8, 9, 10, 13, 15, 21, 22; 21:2, 3, 4, 10, 12, 15, 28, 32; 22:3, 5, 6, 10, 12, 18, 21, 30; 23:1, 10, 12, 14, 15, 20, 28, 30, 33; 24:5, 11, 15, 16, 19, 20, 22; 25:4, 5, 6, 7, 9, 10, 14, 17, 20, 23, 24, 26; 26:2, 13, 20, 26; 27:4, 5, 6, 7, 8, 12, 13, 16, 21, 24, 27, 28, 30, 40, 41; 28:12, 14, 22
Rom 1:8, 17, 27; 2:1, 13, 28; 3:9, 13, 18, 19, 27; 4:2, 15, 17; 5:2, 5, 8, 20; 6:2, 14, 15; 7:6, 14; 8:34; 9:17, 26; 10:6, 8; 11:3, 22; 12:16; 14:10, 22; 15:5, 19, 20, 23; 16:19, 20
1Cor 1:7, 20; 4:17; 6:1, 6, 12; 7:15, 20, 24, 36; 9:20, 21, 27; 10:1, 27; 12:17, 19; 14:34; 15:1, 25, 27, 28, 55; 16:5, 6, 11
2Cor 1:8, 16, 18; 2:8; 3:17; 4:16, 17; 5:10; 6:7; 7:4, 5, 7, 14, 15; 8:3, 10, 18, 24; 9:8, 9; 10:1, 5, 7, 14, 16; 11:5, 12, 21, 28, 32, 33; 12:11, 13, 19; 13:4
Gal 1:13, 17, 18, 20; 2:1, 2, 8, 14; 3:1, 10, 22, 23, 25; 4:2, 3, 4, 5, 6, 15, 21, 26; 5:18
Eph 1:4, 6, 8, 20, 21, 22; 2:2, 3, 7, 13, 14, 17; 4:6, 8, 9, 10, 14, 26; 5:18; 6:12, 16, 20
Phil 1:18, 23; 2:9, 10, 15, 27, 30; 3:13, 14, 16, 20; 4:10, 12
Col 1:23, 24; 2:7, 12; 3:1, 2, 11, 14; 4:5, 9
1Thess 1:8; 3:9, 12, 13; 4:6, 10, 12; 5:14
2Thess 1:3; 2:4
1Tim 2:8; 3:7; 5:4, 9, 19, 20, 21; 6:1, 12, 13
2Tim 2:9, 14; 4:1
Titus 3:4, 12
Phlm 1:5, 16
Heb 1:3, 9, 13, 14; 2:7, 8, 12; 4:6; 6:1, 8, 10, 17, 18, 19, 20; 7:6, 8, 11, 15, 19; 8:1; 9:2, 3, 4, 5, 15, 16; 10:8, 12, 18, 28, 29; 11:8, 15, 19, 29, 30; 12:1, 2, 12; 13:9, 11, 12, 13, 14
Jas 1:1, 17, 27; 2:3, 6; 3:4, 10, 11, 15, 16, 17; 4:1, 8, 13; 5:8, 9, 12
1Pet 1:1, 6, 12, 17; 2:19; 3:3, 20, 21, 22; 4:4, 8, 18; 5:6, 8, 12
2Pet 2:4, 11, 20; 3:10, 12, 13
1John 2:11, 28; 3:19, 21; 4:9, 10, 17
3John 1:2, 6, 7
Jude 1:6, 7, 24
Rev 1:3, 4, 10, 13; 2:1, 5, 7, 13, 14; 4:1, 3, 4, 5, 6, 8, 10; 5:1, 3, 6, 8, 11, 13; 6:2, 6, 9; 7:9, 11, 13, 15, 17; 8:2, 3, 4, 13; 9:13; 10:1, 6, 11; 11:1, 2, 4, 8, 12, 16; 12:1, 4, 6, 10, 12, 14; 13:10, 11, 12, 13, 18; 14:3, 4, 5, 6, 11, 12, 20; 15:4; 16:14, 19; 17:9, 15; 18:1, 19; 19:17, 20; 20:1, 9, 10, 12; 21:2, 10, 12, 22, 25; 22:2, 5, 8, 14, 15
