# Every verse containing General Places 1 (things/locations) (#247f38) - 11,090 verses
# Format: Book chapter:verse, verse; chapter:verse ...  (verse 0 = psalm title)

Gen 1:1, 2, 6, 7, 8, 9, 10, 11, 12, 14, 15, 16, 17, 20, 21, 22, 24, 25, 26, 28, 29, 30; 2:1, 4, 5, 6, 7, 8, 9, 10, 11, 12, 13, 14, 15, 16, 19, 20; 3:1, 2, 3, 8, 10, 14, 17, 18, 19, 23, 24; 4:2, 3, 7, 8, 10, 11, 12, 14, 16, 17, 20; 5:29; 6:1, 4, 5, 6, 7, 11, 12, 13, 14, 16, 17, 20; 7:3, 4, 6, 7, 8, 10, 11, 12, 14, 17, 18, 19, 20, 21, 22, 23, 24; 8:1, 2, 3, 4, 5, 6, 7, 8, 9, 11, 13, 14, 17, 19, 20, 21, 22; 9:1, 2, 7, 10, 11, 13, 14, 15, 16, 17, 19, 20, 21, 27; 10:5, 8, 10, 11, 12, 19, 20, 25, 30, 31, 32; 11:1, 2, 4, 5, 8, 9, 28, 31; 12:1, 3, 5, 6, 7, 8, 9, 10, 11, 15; 13:1, 3, 4, 5, 6, 7, 9, 10, 11, 12, 14, 15, 16, 17, 18; 14:3, 6, 7, 8, 10, 13, 15, 17, 19, 22; 15:5, 7, 12, 13, 18; 16:3, 7, 14; 17:8; 18:1, 2, 6, 9, 10, 16, 18, 22, 23, 24, 25, 26, 28, 33; 19:1, 2, 3, 4, 6, 8, 9, 10, 11, 12, 13, 14, 15, 16, 17, 19, 20, 21, 22, 23, 24, 25, 27, 28, 29, 30, 31; 20:1, 4, 11, 13, 15; 21:14, 17, 19, 20, 21, 23, 25, 30, 31, 32, 34; 22:2, 3, 4, 5, 9, 11, 13, 14, 15, 17, 18; 23:2, 4, 6, 7, 9, 10, 11, 12, 13, 15, 17, 18, 19, 20; 24:3, 4, 5, 7, 10, 11, 13, 16, 20, 23, 25, 27, 28, 29, 30, 31, 32, 37, 42, 43, 45, 49, 52, 60, 62, 63, 65, 67; 25:6, 9, 10, 11, 16, 27, 29; 26:1, 2, 3, 4, 7, 8, 12, 15, 17, 18, 19, 20, 21, 22, 23, 25, 32, 33; 27:3, 5, 9, 15, 21, 22, 25, 26, 27, 28, 39, 45, 46; 28:2, 4, 6, 11, 12, 13, 14, 15, 16, 17, 18, 19, 21, 22; 29:1, 2, 3, 8, 10, 13, 22, 26; 30:14, 16, 25, 32; 31:3, 4, 13, 18, 21, 23, 25, 33, 34, 54, 55; 32:2, 3, 9, 12, 16, 22, 23, 30, 31; 33:2, 3, 6, 7, 17, 18, 19, 20; 34:1, 2, 5, 7, 10, 20, 21, 24, 25, 26, 27, 28, 29, 30; 35:1, 3, 5, 6, 7, 12, 13, 14, 15, 16, 19, 20, 21, 22, 27; 36:5, 6, 7, 8, 9, 16, 17, 20, 21, 24, 30, 31, 32, 34, 35, 37, 39, 40, 43; 37:1, 7, 9, 10, 14, 15, 18, 20, 22, 24, 28, 29, 35; 38:9, 14, 16, 21, 22; 39:5, 11, 16, 20, 21, 22, 23; 40:3, 5, 7, 13, 14, 15, 17; 41:1, 2, 3, 6, 10, 14, 17, 18, 19, 23, 27, 29, 30, 31, 33, 34, 35, 36, 40, 41, 43, 44, 45, 46, 47, 48, 49, 52, 53, 54, 55, 56, 57; 42:2, 5, 6, 7, 9, 12, 13, 16, 19, 25, 26, 27, 29, 30, 32, 33, 34, 38; 43:1, 11, 16, 17, 18, 19, 21, 24, 26, 30; 44:4, 8, 11, 13, 14, 18, 29, 31; 45:4, 6, 7, 8, 10, 17, 18, 19, 20, 21, 23, 24, 25, 26; 46:6, 12, 20, 28, 31, 34; 47:1, 4, 6, 11, 13, 14, 15, 18, 19, 20, 21, 22, 23, 24, 26, 27, 28, 30, 31; 48:2, 3, 4, 5, 7, 9, 10, 12, 13, 16, 21; 49:4, 5, 6, 13, 15, 17, 22, 24, 25, 26, 29, 30, 32, 33; 50:5, 7, 8, 10, 11, 13, 19, 24
Exod 1:7, 10, 11, 14, 22; 2:3, 4, 5, 12, 15, 22; 3:1, 5, 8, 12, 17, 18, 22; 4:3, 9, 20, 24, 27; 5:1, 3, 5, 12, 20; 6:1, 4, 8, 11, 13, 26, 28; 7:2, 3, 4, 15, 16, 17, 18, 19, 20, 21, 23, 24, 25; 8:2, 3, 5, 6, 7, 9, 11, 13, 14, 16, 17, 21, 22, 24, 25, 27, 28; 9:3, 5, 8, 9, 10, 14, 15, 16, 19, 20, 21, 22, 23, 24, 25, 26, 29, 33; 10:4, 5, 6, 12, 13, 14, 15, 19, 21, 22, 23; 11:3, 5, 6, 9, 10; 12:1, 4, 7, 12, 13, 15, 17, 19, 20, 22, 23, 25, 27, 29, 33, 34, 41, 42, 46, 48, 51; 13:3, 5, 7, 11, 14, 15, 17, 18, 20; 14:2, 3, 9, 11, 12, 16, 19, 20, 21, 22, 23, 26, 27, 28, 29, 30; 15:1, 2, 4, 5, 8, 10, 12, 13, 17, 19, 21, 22, 23, 25, 27; 16:1, 2, 3, 4, 6, 9, 10, 13, 14, 16, 21, 25, 29, 32, 35; 17:1, 5, 6, 7, 9, 10, 14, 15; 18:3, 5, 7, 8, 21, 23, 27; 19:1, 2, 3, 5, 11, 12, 13, 14, 16, 17, 18, 20, 22, 23; 20:2, 4, 10, 11, 12, 17, 18, 21, 22, 24, 25, 26; 21:6, 13, 14, 33, 34; 22:3, 5, 6, 7, 8, 21, 26, 31; 23:7, 9, 10, 11, 16, 19, 20, 26, 29, 30, 31, 33; 24:1, 4, 6, 10, 12, 13, 15, 16, 17, 18; 25:8, 9, 27, 40; 26:4, 6, 7, 9, 11, 12, 13, 14, 15, 17, 18, 20, 22, 23, 26, 27, 29, 30, 33, 34, 35, 36; 27:1, 5, 6, 7, 8, 9, 11, 12, 13, 14, 16, 17, 18, 19, 21; 28:29, 32, 35, 43; 29:4, 10, 11, 12, 13, 14, 16, 18, 20, 21, 22, 25, 30, 31, 32, 36, 37, 38, 42, 43, 44, 46; 30:1, 3, 4, 13, 16, 18, 20, 24, 26, 27, 28, 36; 31:7, 8, 9, 11, 17, 18; 32:1, 4, 5, 7, 8, 11, 12, 13, 15, 17, 19, 20, 23, 26, 27, 34; 33:1, 3, 6, 7, 8, 9, 10, 11, 16, 21, 22; 34:2, 3, 4, 8, 10, 12, 13, 15, 24, 26, 29, 32; 35:3, 11, 15, 16, 17, 18, 19, 21; 36:1, 3, 4, 6, 8, 11, 13, 14, 17, 18, 19, 20, 22, 23, 25, 27, 28, 31, 32, 34, 37; 37:14, 26, 27; 38:3, 4, 5, 7, 8, 9, 11, 12, 13, 14, 15, 16, 17, 18, 20, 21, 24, 25, 26, 27, 30, 31; 39:1, 32, 33, 38, 39, 40, 41; 40:2, 5, 6, 7, 8, 9, 10, 12, 17, 19, 22, 24, 28, 29, 30, 32, 33, 34, 35, 36, 38
Lev 1:1, 3, 5, 7, 8, 9, 11, 12, 13, 15, 16, 17; 2:2, 4, 8, 9, 12; 3:2, 5, 8, 11, 13, 16, 17; 4:4, 5, 6, 7, 10, 12, 14, 16, 18, 19, 21, 24, 25, 26, 29, 30, 31, 33, 34, 35; 5:9, 12, 15; 6:9, 10, 11, 12, 13, 14, 15, 16, 25, 26, 27, 30; 7:2, 5, 6, 9, 26, 31, 32, 33, 38; 8:3, 4, 10, 11, 15, 16, 17, 19, 21, 23, 24, 25, 26, 28, 30, 31, 33, 35; 9:5, 7, 8, 9, 10, 11, 12, 13, 14, 17, 18, 20, 21, 23, 24; 10:4, 5, 7, 9, 12, 13, 14, 17, 18; 11:2, 9, 10, 12, 21, 29, 35, 36, 41, 42, 44, 45, 46; 12:4, 6; 13:19, 23, 28, 45, 46, 55; 14:3, 7, 8, 11, 13, 14, 15, 16, 17, 20, 23, 25, 27, 28, 34, 35, 36, 37, 38, 39, 40, 41, 42, 43, 44, 45, 46, 47, 48, 49, 51, 52, 53, 55; 15:12, 14, 29, 31; 16:2, 3, 7, 10, 12, 14, 16, 17, 18, 20, 21, 22, 23, 24, 25, 26, 27, 28, 29, 33; 17:3, 4, 5, 6, 9, 11, 15; 18:3, 9, 25, 27, 28; 19:9, 10, 19, 21, 23, 29, 30, 33, 34, 36; 20:2, 3, 4, 18, 22, 24, 25; 21:12, 23; 22:7, 13, 22, 24, 33; 23:3, 10, 14, 17, 21, 22, 31, 39, 40, 43; 24:3, 9, 10, 14, 16, 22, 23; 25:1, 2, 3, 4, 5, 6, 7, 9, 10, 12, 18, 19, 23, 24, 29, 30, 31, 32, 33, 34, 38, 42, 45, 55; 26:1, 2, 4, 5, 6, 11, 13, 19, 20, 22, 25, 26, 31, 32, 33, 34, 36, 38, 39, 41, 42, 43, 44, 45, 46; 27:3, 14, 15, 16, 17, 18, 19, 20, 21, 22, 24, 25, 28, 30, 34
Num 1:1, 19, 50, 51, 52, 53; 2:2, 3, 9, 10, 16, 17, 18, 24, 25, 31; 3:1, 4, 6, 7, 8, 13, 14, 23, 25, 26, 28, 29, 31, 32, 35, 36, 37, 38, 47, 50; 4:3, 4, 5, 11, 12, 13, 14, 15, 16, 23, 25, 26, 28, 30, 31, 32, 33, 35, 37, 39, 41, 43, 47; 5:2, 3, 4, 16, 17, 25, 26; 6:10, 13, 18; 7:1, 3, 5, 9, 10, 11, 13, 19, 25, 31, 37, 43, 49, 55, 61, 67, 73, 79, 84, 85, 86, 88, 89; 8:9, 15, 17, 19, 22, 24, 26; 9:1, 5, 10, 14, 15, 17, 18, 19, 20, 22, 23; 10:3, 5, 6, 9, 11, 12, 14, 17, 18, 21, 22, 25, 29, 30, 31, 33, 34; 11:1, 3, 8, 9, 10, 12, 16, 22, 24, 26, 27, 30, 31, 32, 34; 12:3, 4, 5, 10, 14, 15, 16; 13:2, 3, 16, 17, 18, 19, 20, 21, 22, 23, 24, 25, 26, 27, 28, 29, 32; 14:2, 3, 6, 7, 8, 9, 10, 14, 16, 21, 22, 23, 24, 25, 29, 30, 31, 32, 33, 34, 35, 36, 37, 38, 40, 44, 45; 15:2, 13, 18, 19, 20, 30, 32, 35, 36, 41; 16:5, 9, 10, 13, 14, 18, 19, 24, 26, 27, 30, 31, 32, 33, 34, 37, 38, 39, 40, 42, 43, 46, 50; 17:4, 7, 8, 13; 18:1, 2, 3, 4, 5, 6, 7, 10, 13, 16, 17, 18, 20, 21, 22, 23, 27, 30, 31; 19:3, 4, 7, 9, 13, 14, 16, 18, 20; 20:1, 4, 5, 6, 8, 10, 11, 12, 16, 17, 19, 21, 22, 23, 24, 25, 27, 28; 21:1, 2, 3, 4, 5, 11, 12, 13, 14, 15, 16, 17, 18, 20, 22, 23, 24, 25, 26, 27, 28, 31, 32, 33, 34, 35; 22:1, 4, 5, 6, 11, 13, 18, 22, 23, 24, 25, 26, 31, 34, 36, 41; 23:1, 2, 4, 7, 9, 13, 14, 15, 27, 28, 29, 30; 24:1, 2, 5, 6, 7, 11, 13, 17, 19, 21, 24, 25; 25:4, 6, 8; 26:3, 4, 10, 19, 53, 55, 63, 64, 65; 27:2, 3, 12, 14; 28:6, 7; 30:15; 31:10, 12, 13, 19, 24, 30, 47, 48, 54; 32:1, 4, 5, 7, 8, 9, 11, 13, 15, 16, 17, 19, 22, 24, 26, 29, 30, 32, 33, 36, 38, 41, 42; 33:1, 6, 8, 9, 10, 11, 12, 15, 16, 23, 24, 36, 37, 38, 39, 40, 41, 44, 47, 48, 49, 50, 51, 52, 53, 54, 55; 34:2, 3, 4, 5, 6, 7, 8, 9, 10, 11, 12, 13, 15, 17, 18, 29; 35:1, 2, 3, 4, 5, 6, 7, 8, 10, 11, 12, 13, 14, 15, 25, 26, 27, 28, 29, 32, 33, 34; 36:1, 2, 13
Deut 1:1, 2, 5, 6, 7, 8, 10, 19, 20, 21, 22, 24, 25, 27, 28, 31, 33, 35, 36, 40, 41, 43, 44; 2:1, 3, 4, 5, 7, 8, 9, 12, 13, 14, 18, 19, 20, 24, 25, 26, 27, 29, 31, 34, 35, 36, 37; 3:1, 2, 4, 5, 6, 7, 8, 10, 12, 13, 14, 16, 17, 18, 19, 20, 24, 25, 27, 28, 29; 4:1, 5, 10, 11, 14, 17, 18, 19, 21, 22, 25, 26, 29, 32, 36, 38, 39, 40, 41, 42, 43, 46, 47, 48, 49; 5:4, 5, 6, 8, 14, 15, 16, 21, 22, 23, 27, 30, 31, 32, 33; 6:1, 3, 7, 9, 10, 11, 12, 15, 18, 23; 7:1, 5, 6, 8, 13, 22, 24, 26; 8:1, 2, 6, 7, 8, 9, 10, 12, 14, 15, 16; 9:1, 4, 5, 6, 7, 9, 10, 14, 15, 21, 23, 28; 10:1, 3, 4, 5, 7, 10, 11, 12, 14, 19, 22; 11:3, 4, 5, 6, 8, 9, 10, 11, 12, 14, 15, 17, 19, 20, 21, 22, 24, 25, 29, 30, 31; 12:1, 2, 3, 5, 10, 11, 12, 13, 14, 15, 16, 17, 18, 19, 20, 21, 24, 26, 27, 29; 13:5, 7, 10, 12, 13, 15, 16; 14:2, 9, 21, 22, 23, 24, 25, 27, 28, 29; 15:4, 7, 11, 14, 15, 17, 20, 22, 23; 16:2, 3, 4, 5, 6, 7, 11, 14, 15, 16, 18, 20, 21; 17:2, 3, 5, 8, 10, 11, 14, 18, 20; 18:6, 9; 19:1, 2, 3, 5, 6, 7, 8, 9, 10, 11, 12, 14; 20:1, 5, 6, 7, 8, 10, 14, 15, 16, 19, 20; 21:1, 2, 3, 4, 5, 6, 12, 13, 19, 20, 21, 23; 22:2, 4, 6, 8, 9, 12, 15, 17, 18, 21, 23, 24, 25, 27; 23:4, 7, 11, 12, 16, 18, 20, 24; 24:1, 2, 3, 4, 5, 6, 9, 10, 13, 14, 15, 18, 19, 21, 22; 25:7, 8, 10, 11, 14, 15, 17, 18, 19; 26:1, 2, 3, 4, 9, 10, 12, 13, 15, 17; 27:2, 3, 4, 5, 6, 12, 13, 15, 17, 18; 28:1, 3, 4, 7, 8, 9, 10, 11, 12, 14, 16, 18, 21, 23, 24, 25, 26, 29, 30, 33, 35, 38, 39, 40, 42, 49, 51, 52, 55, 56, 57, 62, 63, 64, 68; 29:1, 2, 5, 7, 8, 16, 20, 22, 23, 24, 25, 27, 28; 30:4, 5, 9, 11, 12, 13, 16, 18, 19, 20; 31:4, 7, 11, 12, 13, 14, 15, 16, 20, 21, 23, 28; 32:1, 4, 10, 13, 22, 32, 40, 43, 47, 49, 50, 51, 52; 33:2, 8, 10, 13, 14, 15, 16, 17, 18, 19, 23, 26, 28; 34:1, 2, 3, 4, 5, 6, 8, 11
Josh 1:2, 3, 4, 6, 7, 11, 13, 14, 15; 2:1, 2, 3, 5, 6, 7, 8, 9, 10, 11, 14, 15, 16, 18, 19, 21, 22, 23, 24; 3:3, 4, 11, 13, 14, 15, 16, 17; 4:3, 7, 8, 9, 13, 18, 19, 22, 23, 24; 5:1, 3, 4, 5, 6, 7, 8, 9, 10, 11, 12, 14, 15; 6:3, 4, 5, 7, 11, 14, 15, 16, 17, 19, 20, 21, 22, 24, 26, 27; 7:2, 5, 6, 9, 21, 22, 23, 24, 26; 8:1, 2, 4, 5, 6, 7, 8, 9, 11, 12, 13, 14, 15, 16, 17, 18, 19, 20, 21, 22, 24, 27, 29, 30, 31, 33; 9:1, 6, 9, 11, 12, 17, 22, 23, 24, 27; 10:2, 6, 10, 11, 12, 13, 16, 17, 18, 19, 20, 22, 23, 24, 27, 37, 39, 40, 41, 42; 11:2, 3, 4, 5, 7, 8, 12, 13, 14, 16, 17, 19, 21, 22, 23; 12:1, 2, 3, 4, 5, 7, 8, 23; 13:1, 2, 3, 4, 5, 6, 7, 8, 9, 10, 11, 12, 16, 17, 19, 21, 23, 25, 26, 27, 28, 30, 31, 32; 14:1, 4, 5, 7, 9, 10, 12, 15; 15:1, 2, 3, 4, 5, 6, 7, 8, 9, 10, 11, 12, 13, 14, 15, 18, 19, 21, 32, 33, 36, 41, 44, 45, 47, 48, 51, 54, 57, 59, 60, 61, 62; 16:1, 2, 3, 5, 6, 8, 9; 17:4, 5, 6, 7, 8, 9, 10, 11, 12, 15, 16, 18; 18:1, 3, 4, 5, 6, 7, 8, 9, 10, 11, 12, 13, 14, 15, 16, 17, 18, 19, 20, 21, 24, 28; 19:6, 7, 8, 10, 11, 12, 13, 14, 15, 16, 18, 21, 22, 23, 24, 26, 27, 29, 30, 31, 33, 34, 38, 39, 41, 46, 47, 48, 49, 50, 51; 20:2, 4, 6, 7, 8, 9; 21:1, 2, 3, 4, 5, 6, 7, 8, 9, 11, 12, 13, 14, 15, 16, 17, 18, 19, 20, 21, 22, 23, 24, 25, 26, 27, 28, 29, 30, 31, 32, 33, 34, 35, 36, 37, 38, 39, 40, 41, 42, 43; 22:4, 5, 6, 7, 8, 9, 10, 11, 13, 15, 16, 19, 23, 25, 26, 28, 29, 32, 33, 34; 23:4, 5, 6, 13, 14, 15, 16; 24:3, 4, 6, 7, 8, 13, 15, 17, 18, 26, 30, 32, 33
Judg 1:2, 8, 9, 11, 14, 15, 16, 17, 18, 19, 20, 23, 24, 25, 26, 27, 32, 33, 34, 35, 36; 2:1, 2, 5, 6, 9, 12; 3:3, 11, 13, 16, 19, 20, 21, 23, 24, 25, 26, 27, 28, 30; 4:5, 6, 7, 11, 12, 13, 14, 17, 18, 20, 21, 22; 5:4, 5, 6, 7, 8, 10, 11, 15, 16, 17, 18, 19, 20, 21, 24, 26, 28, 31; 6:2, 3, 4, 5, 8, 9, 10, 11, 20, 21, 24, 25, 26, 27, 28, 30, 31, 32, 33, 37, 39, 40; 7:1, 3, 7, 8, 11, 12, 13, 17, 19, 20, 21, 22, 24, 25; 8:7, 8, 9, 10, 11, 13, 16, 17, 27, 28, 29, 32; 9:1, 2, 3, 4, 5, 6, 7, 17, 18, 20, 25, 27, 30, 31, 32, 33, 35, 36, 37, 40, 42, 43, 44, 45, 46, 47, 48, 49, 51, 52, 55; 10:1, 4, 8; 11:3, 5, 9, 12, 13, 15, 16, 17, 18, 19, 20, 21, 22, 26, 31, 33, 34, 37, 38; 12:1, 5, 6, 7, 12, 15; 13:9, 20; 14:5, 15, 18, 19; 15:1, 5, 8, 11, 13, 17, 19; 16:2, 3, 4, 9, 12, 21, 24, 25, 26, 27, 29, 30, 31; 17:1, 4, 5, 8, 9, 12; 18:2, 3, 7, 9, 10, 11, 12, 13, 14, 15, 16, 17, 18, 22, 26, 27, 28, 29, 30, 31; 19:1, 2, 3, 9, 11, 12, 13, 15, 16, 17, 18, 20, 21, 22, 23, 26, 27, 28, 29, 30; 20:1, 5, 6, 8, 11, 14, 15, 18, 21, 22, 24, 25, 26, 31, 32, 33, 34, 36, 37, 38, 40, 42, 43, 45, 47, 48; 21:2, 4, 12, 13, 19, 20, 21, 23, 24
Ruth 1:1, 2, 6, 7, 8, 9, 19, 21, 22; 2:2, 3, 6, 7, 8, 9, 10, 11, 17, 18, 22; 3:2, 3, 4, 6, 11, 14, 15; 4:1, 2, 3, 5, 10, 11
1Sam 1:1, 3, 7, 9, 19, 24; 2:6, 8, 10, 11, 20, 22, 28, 29, 30, 32, 33; 3:2, 3, 9, 15, 19; 4:2, 4, 5, 8, 10, 12, 13, 18; 5:2, 3, 4, 5, 6, 9, 11, 12; 6:1, 2, 5, 7, 9, 10, 12, 13, 14, 18; 7:1, 10, 13, 14, 16, 17; 8:3, 5, 12, 14, 15, 22; 9:4, 5, 6, 10, 11, 12, 13, 14, 16, 18, 19, 22, 25, 26, 27; 10:2, 3, 5, 10, 12, 13, 20, 21, 23, 25, 26; 11:2, 3, 5, 7, 9; 12:6, 8; 13:2, 3, 5, 6, 7, 17, 18, 19, 23; 14:2, 4, 5, 9, 11, 14, 15, 21, 22, 25, 26, 29, 32, 35, 36, 38, 45, 46; 15:2, 5, 12, 34; 16:4; 17:2, 3, 16, 19, 20, 28, 40, 41, 44, 46, 49, 52, 53, 54; 18:2, 6, 10, 11, 14; 19:2, 3, 9, 10, 11, 12, 13, 15, 16, 22; 20:5, 6, 11, 15, 19, 24, 25, 27, 29, 31, 35, 37, 40, 41, 42; 21:2, 9, 11, 13, 15; 22:1, 3, 5, 7, 15, 19; 23:1, 7, 10, 14, 15, 16, 18, 19, 22, 23, 24, 25, 26, 27, 28, 29; 24:1, 2, 3, 7, 8, 10, 22; 25:1, 4, 14, 15, 16, 20, 21, 22, 23, 34, 35, 36, 41; 26:1, 2, 3, 5, 7, 8, 13, 20, 25; 27:1, 5, 7, 8, 9, 10, 11; 28:3, 9, 13, 14, 20, 23, 24; 29:1, 4, 11; 30:1, 3, 9, 10, 11, 14, 16, 21, 27, 29, 31; 31:1, 7, 8, 9, 10, 12
2Sam 1:2, 6, 15, 19, 20, 21, 25; 2:1, 3, 13, 16, 19, 21, 22, 23, 24, 25, 29, 32; 3:10, 12, 26, 27, 32, 35; 4:5, 6, 7, 11, 12; 5:6, 7, 8, 9, 11, 18, 20, 22, 24; 6:2, 3, 4, 6, 8, 10, 11, 12, 16, 17, 19; 7:1, 2, 5, 6, 7, 8, 9, 10, 13, 16, 23; 8:2, 3, 8; 9:4, 5, 7, 10, 12; 10:2, 3, 8, 12, 14, 16; 11:2, 4, 8, 9, 10, 11, 13, 16, 17, 20, 21, 23, 24, 25, 27; 12:1, 8, 11, 12, 15, 16, 17, 20, 26, 27, 28, 30, 31; 13:5, 7, 8, 10, 17, 18, 20, 30, 31, 34; 14:2, 4, 6, 7, 8, 9, 11, 13, 14, 19, 20, 22, 24, 30, 31, 33; 15:2, 4, 12, 14, 16, 17, 19, 21, 23, 24, 25, 27, 28, 30, 32, 34, 37; 16:1, 2, 5, 6, 13, 21, 22; 17:8, 9, 11, 12, 13, 16, 17, 18, 19, 20, 21, 23, 26, 29; 18:3, 4, 6, 8, 9, 11, 17, 18, 23, 24, 25, 28, 33; 19:3, 5, 8, 9, 11, 18, 29, 30, 36, 37, 39; 20:1, 3, 6, 8, 9, 10, 12, 13, 15, 16, 17, 19, 20, 21, 22; 21:5, 9, 10, 12, 13, 14; 22:2, 3, 6, 7, 8, 10, 12, 14, 16, 17, 20, 22, 30, 34, 43, 46, 51; 23:4, 7, 11, 12, 13, 15, 16, 17, 20, 30; 24:5, 6, 7, 8, 13, 16, 18, 20, 21, 24, 25
1Kgs 1:3, 9, 13, 15, 17, 20, 23, 24, 27, 30, 31, 35, 37, 39, 40, 41, 45, 46, 47, 48, 50, 51, 52, 53; 2:2, 3, 4, 6, 9, 10, 12, 19, 24, 26, 28, 29, 30, 33, 34, 35, 36, 37, 45; 3:1, 2, 3, 4, 6, 14, 17, 18; 4:8, 10, 11, 12, 13, 19, 20, 21, 23, 24, 28, 29, 30, 33, 34; 5:3, 5, 9, 14, 15, 17, 18; 6:1, 2, 3, 4, 5, 6, 7, 8, 9, 10, 12, 14, 15, 16, 17, 18, 19, 20, 21, 22, 23, 24, 27, 29, 30, 31, 32, 33, 34, 36, 37, 38; 7:1, 2, 3, 4, 5, 6, 7, 8, 9, 12, 15, 16, 17, 18, 19, 20, 21, 22, 23, 24, 25, 30, 35, 39, 40, 41, 42, 44, 45, 46, 48, 49, 50, 51; 8:1, 4, 6, 7, 8, 9, 10, 11, 13, 16, 17, 18, 19, 20, 21, 22, 23, 25, 27, 29, 30, 31, 32, 33, 34, 35, 36, 37, 38, 39, 40, 41, 42, 43, 44, 45, 46, 47, 48, 49, 53, 54, 58, 60, 63, 64, 65, 66; 9:1, 3, 5, 7, 8, 9, 10, 11, 12, 13, 15, 16, 18, 19, 21, 24, 25, 26, 27, 28; 10:4, 5, 6, 9, 12, 13, 15, 17, 18, 19, 20, 21, 22, 23, 24, 26, 27; 11:7, 18, 20, 21, 22, 27, 29, 32, 33, 36, 38, 43; 12:16, 17, 24, 25, 27, 28, 31, 32, 33; 13:1, 2, 3, 4, 5, 7, 8, 9, 10, 12, 15, 16, 17, 18, 19, 22, 24, 25, 26, 28, 29, 30, 31, 32, 34; 14:4, 6, 10, 11, 12, 13, 15, 17, 21, 23, 24, 26, 27, 28, 31; 15:8, 12, 13, 15, 18, 20, 23, 24; 16:4, 9, 11, 12, 18, 24, 32, 34; 17:3, 4, 5, 6, 7, 10, 14, 15, 17, 19, 23; 18:1, 4, 5, 6, 7, 13, 19, 20, 26, 30, 32, 35, 36, 38, 40, 42, 43, 44, 45, 46; 19:4, 8, 9, 10, 11, 13, 14, 15, 16, 19; 20:2, 6, 7, 12, 14, 15, 16, 17, 19, 23, 24, 25, 27, 28, 30, 34, 38, 43; 21:1, 2, 4, 6, 7, 8, 11, 13, 15, 16, 18, 19, 21, 23, 24; 22:10, 17, 19, 24, 25, 26, 27, 36, 38, 39, 46, 48, 49, 50
2Kgs 1:2, 6, 9, 10, 12, 14, 16; 2:1, 7, 8, 11, 13, 14, 15, 16, 19, 21, 22, 23, 24, 25; 3:8, 16, 17, 19, 20, 21, 22, 24, 25, 27; 4:2, 4, 5, 10, 11, 15, 21, 25, 27, 32, 33, 35, 37, 38, 39; 5:2, 4, 9, 11, 12, 13, 15, 17, 18, 19, 22, 24, 26; 6:1, 2, 6, 8, 9, 10, 12, 14, 15, 17, 19, 23, 26, 27, 30, 32; 7:1, 2, 3, 4, 5, 7, 8, 10, 12, 13, 15, 16, 17, 18, 19, 20; 8:1, 2, 3, 5, 6, 12, 21, 24; 9:2, 3, 6, 8, 10, 13, 15, 17, 25, 26, 27, 28, 30, 31, 32, 33, 37; 10:2, 3, 5, 6, 8, 10, 12, 14, 15, 21, 23, 25, 26, 27, 30, 32, 33; 11:2, 3, 4, 5, 6, 7, 10, 11, 13, 14, 15, 16, 18, 19, 20; 12:4, 5, 6, 7, 8, 9, 10, 11, 12, 13, 14, 16, 18, 20, 21; 13:5, 13, 17, 18, 20, 21, 25; 14:10, 12, 13, 14, 20, 25, 27; 15:5, 7, 12, 16, 19, 20, 25, 29, 35, 38; 16:4, 8, 10, 11, 12, 13, 14, 15, 18, 20; 17:4, 5, 6, 7, 9, 10, 13, 16, 23, 24, 26, 27, 29, 32, 33, 36; 18:8, 11, 13, 15, 16, 17, 22, 25, 26, 27, 30, 31, 32, 33, 35; 19:1, 7, 11, 13, 14, 15, 17, 19, 23, 24, 25, 26, 28, 29, 30, 31, 32, 33, 34, 35, 37; 20:2, 4, 5, 6, 8, 13, 14, 15, 17, 18, 20; 21:3, 4, 5, 7, 8, 18, 23, 24, 26; 22:2, 3, 4, 5, 6, 8, 9, 14, 16, 17, 19, 20; 23:2, 3, 4, 5, 6, 7, 8, 9, 10, 11, 12, 13, 14, 15, 16, 17, 19, 20, 24, 27, 29, 30, 33, 35; 24:7, 10, 11, 13, 14, 15; 25:1, 2, 3, 4, 5, 9, 10, 11, 12, 13, 16, 17, 18, 19, 21, 22, 24, 27, 28, 29
1Chr 1:10, 19, 43, 45, 46, 48, 50; 2:22, 23; 4:10, 14, 31, 32, 33, 39, 40, 41, 42; 5:9, 10, 11, 16, 23, 25, 26; 6:10, 31, 32, 39, 44, 48, 49, 54, 55, 56, 57, 58, 59, 60, 61, 62, 63, 64, 65, 66, 67, 68, 69, 70, 71, 72, 73, 74, 75, 76, 77, 78, 79, 80, 81; 7:21, 24, 28, 29; 8:8, 12; 9:2, 11, 13, 16, 18, 19, 21, 22, 23, 24, 25, 26, 27, 29, 33; 10:1, 7, 8, 9, 10; 11:4, 5, 7, 8, 13, 14, 15, 17, 18, 22, 32; 12:2, 8, 15; 13:2, 6, 7, 9, 11, 12, 13, 14; 14:1, 9, 11, 13, 15, 17; 15:1, 3, 12, 25, 29; 16:1, 14, 18, 23, 26, 27, 30, 31, 32, 33, 39, 40, 43; 17:1, 4, 5, 6, 7, 8, 9, 12, 14, 16, 21; 18:1, 3, 8; 19:2, 3, 7, 9, 13, 15, 16; 20:1, 2, 3; 21:12, 15, 16, 18, 21, 22, 25, 26, 28, 29; 22:1, 2, 3, 5, 6, 7, 8, 10, 11, 14, 18, 19; 23:4, 24, 26, 28, 32; 24:5, 19; 25:6; 26:12, 13, 14, 15, 16, 17, 18, 20, 22, 27, 30; 27:23, 25, 26, 27, 28, 29; 28:2, 3, 5, 6, 8, 10, 11, 12, 13, 18, 20, 21; 29:1, 2, 3, 4, 7, 8, 11, 15, 16, 19, 23
2Chr 1:3, 4, 5, 6, 9, 13, 14, 15; 2:1, 2, 3, 4, 5, 6, 9, 12, 16, 17, 18; 3:1, 3, 4, 5, 6, 7, 8, 9, 10, 11, 12, 13, 15, 16, 17; 4:1, 2, 3, 4, 6, 7, 8, 9, 10, 11, 12, 13, 15, 16, 17, 19, 20, 22; 5:1, 2, 5, 7, 8, 9, 11, 12, 13, 14; 6:2, 5, 7, 8, 9, 10, 12, 13, 14, 16, 18, 20, 21, 22, 23, 24, 25, 26, 27, 28, 29, 30, 31, 32, 33, 34, 35, 36, 37, 38, 39, 40, 41; 7:1, 2, 3, 5, 7, 8, 9, 10, 11, 12, 13, 14, 15, 16, 18, 20, 21, 22; 8:1, 2, 4, 5, 6, 8, 11, 12, 14, 16, 17, 18; 9:3, 4, 5, 8, 11, 12, 14, 16, 17, 18, 19, 20, 21, 22, 23, 25, 26, 27, 28, 31; 10:16, 17; 11:4, 5, 10, 11, 12, 13, 14, 23; 12:4, 9, 10, 11, 13, 16; 13:4, 9, 19, 22; 14:1, 3, 5, 6, 7, 10, 14, 15; 15:6, 8, 16, 18; 16:2, 4, 9, 10, 14; 17:2, 3, 6, 7, 9, 10, 12, 13, 19; 18:9, 16, 18, 23, 24, 25, 26, 34; 19:1, 3, 4, 5, 10; 20:2, 4, 5, 6, 7, 8, 9, 10, 16, 18, 20, 22, 23, 24, 26, 28, 36; 21:1, 3, 11, 12, 16, 20; 22:1, 3, 11, 12; 23:2, 3, 4, 5, 6, 7, 9, 10, 12, 13, 14, 15, 17, 18, 19, 20, 21; 24:4, 5, 6, 7, 8, 9, 11, 12, 13, 14, 16, 18, 21, 25, 27; 25:10, 12, 13, 19, 22, 23, 24, 28; 26:6, 9, 10, 15, 16, 18, 19, 20, 21, 23; 27:2, 3, 4, 6, 7, 9; 28:2, 3, 4, 7, 9, 15, 18, 21, 24, 25, 26, 27; 29:3, 4, 5, 6, 7, 15, 16, 17, 18, 19, 20, 21, 22, 24, 25, 27, 31, 35; 30:1, 8, 9, 10, 14, 15, 16, 19, 25, 27; 31:1, 2, 5, 6, 10, 11, 13, 14, 15, 16, 19, 21; 32:1, 3, 4, 5, 6, 12, 13, 17, 18, 19, 20, 21, 27, 28, 29, 30, 31, 33; 33:3, 4, 5, 6, 7, 8, 14, 15, 16, 19, 20, 24, 25; 34:2, 4, 5, 6, 7, 8, 9, 10, 11, 14, 15, 17, 22, 24, 25, 27, 28, 30, 31; 35:2, 3, 5, 8, 10, 15, 16, 20, 22, 24; 36:1, 3, 7, 10, 14, 15, 17, 18, 19, 21, 23
Ezra 1:1, 2, 3, 4, 5, 7; 2:1, 68, 70; 3:1, 2, 3, 6, 7, 8, 9, 10, 11, 12, 13; 4:1, 3, 4, 10, 11, 12, 13, 14, 15, 16, 17, 19, 20, 21, 24; 5:2, 3, 6, 8, 9, 11, 12, 13, 14, 15, 16, 17; 6:1, 2, 3, 4, 5, 6, 7, 8, 9, 10, 11, 12, 13, 15, 16, 17, 21, 22; 7:12, 15, 16, 17, 19, 20, 21, 23, 24, 25, 27; 8:15, 17, 21, 22, 25, 29, 30, 31, 33, 36; 9:1, 2, 6, 7, 8, 9, 11, 12; 10:1, 2, 6, 9, 11, 14
Neh 1:1, 3, 4, 5, 9; 2:3, 4, 5, 7, 8, 9, 13, 14, 15, 17, 20; 3:1, 3, 6, 7, 8, 10, 11, 13, 14, 15, 16, 19, 20, 21, 22, 23, 24, 25, 26, 27, 28, 29, 30, 31, 32; 4:1, 3, 4, 6, 7, 10, 12, 13, 14, 15, 17, 19, 20, 21; 5:3, 4, 5, 11, 13, 14, 16; 6:1, 2, 6, 10, 11, 15; 7:1, 2, 3, 4, 6, 73; 8:1, 3, 4, 6, 7, 15, 16; 9:1, 3, 4, 6, 8, 9, 10, 11, 13, 15, 19, 21, 22, 23, 24, 25, 27, 28, 30, 35, 36; 10:28, 30, 31, 32, 33, 34, 35, 36, 37, 38, 39; 11:1, 3, 9, 11, 12, 16, 18, 19, 20, 22, 25, 27, 28, 30, 31, 35; 12:25, 27, 28, 29, 30, 31, 37, 38, 39, 40, 43, 44; 13:4, 5, 7, 8, 9, 10, 11, 12, 13, 14, 15, 18, 19, 21, 22
Esth 1:1, 2, 3, 5, 6, 9, 16, 20, 22; 2:3, 5, 8, 9, 11, 13, 14, 16, 18, 19, 21; 3:2, 3, 8, 9, 12, 13, 14, 15; 4:1, 2, 3, 6, 7, 11, 13, 14; 5:1, 2, 9, 10, 13, 14; 6:2, 4, 5, 9, 10, 11, 12; 7:7, 8, 9, 10; 8:1, 2, 5, 7, 9, 11, 12, 13, 14, 15, 17; 9:1, 2, 3, 4, 6, 11, 12, 13, 16, 19, 20, 25, 28, 30; 10:1
Job 1:1, 3, 4, 7, 8, 10, 13, 16, 18, 19, 20; 2:2, 3, 11, 12, 13; 3:9, 10, 14, 15, 22, 24; 4:6, 19; 5:3, 4, 6, 10, 22, 23, 24, 25, 26; 6:3, 15, 17, 18, 27; 7:1, 9, 10, 12, 13; 8:6, 9, 13, 15, 16, 17, 18, 19, 22; 9:5, 6, 7, 8, 9, 24, 26, 31; 10:19, 21, 22; 11:8, 9, 14, 16; 12:6, 8, 15, 24; 13:15, 21, 27; 14:8, 11, 12, 13, 18, 19; 15:2, 7, 15, 19, 28, 29, 34; 16:13, 18, 19; 17:13, 16; 18:4, 6, 10, 14, 15, 17, 18, 19, 21; 19:8, 12, 13, 15, 25; 20:4, 6, 9, 17, 19, 26, 27, 28; 21:13, 14, 16, 28, 32, 33; 22:3, 8, 11, 12, 14, 15, 18, 23, 24, 28, 30; 23:9; 24:2, 4, 5, 6, 8, 11, 12, 13, 16, 18, 19, 23; 25:2, 5; 26:5, 6, 7, 8, 9, 10, 11, 12, 13, 14; 27:18, 20, 21, 23; 28:1, 2, 4, 5, 6, 7, 9, 10, 12, 13, 14, 20, 23, 24, 25; 29:4, 6, 7, 19; 30:3, 6, 8, 10, 12, 13, 14, 23, 24, 28; 31:4, 7, 9, 21, 26, 31, 32, 34, 37, 38; 33:11, 15, 18, 19, 22, 24, 28, 30; 34:10, 11, 13, 21, 27; 35:5, 11; 36:3, 7, 16, 20, 25, 28, 29, 30, 32; 37:1, 3, 6, 8, 9, 10, 12, 13, 16, 17, 18, 21, 22; 38:4, 6, 7, 8, 10, 12, 13, 16, 17, 18, 19, 20, 24, 25, 26, 27, 29, 30, 33, 34, 37, 40; 39:1, 6, 7, 8, 10, 12, 14, 21, 24, 25, 26, 28, 29; 40:12, 14, 19, 20, 22, 23; 41:11, 14, 16, 31, 32, 33; 42:11, 15
Ps 1:1, 3; 2:2, 4, 6, 8, 10; 3:4; 5:7, 9; 6:5; 7:5, 15; 8:1, 3, 7, 8, 9; 9:4, 6, 7, 8, 13, 14, 15, 17; 10:1, 5, 8, 9, 16, 18; 11:1, 4; 12:6; 14:2; 15:1; 16:3, 6, 8, 10, 11; 17:4, 5, 7, 11, 12, 14; 18:2, 5, 6, 7, 9, 11, 12, 13, 15, 16, 19, 21, 29, 33, 35, 42, 45; 19:1, 4, 5, 6; 20:2, 6; 21:8, 9, 10; 22:1, 11, 19, 27, 29; 23:2, 3, 4, 6; 24:1, 2, 3, 7, 9; 25:4, 8, 10, 13; 26:6, 8, 10, 12; 27:4, 5, 6, 9, 11, 13; 28:1, 2; 29:3, 8, 9; 30:0, 3, 7, 9; 31:2, 3, 8, 17, 20, 21; 32:6, 7, 9; 33:5, 6, 7, 8, 13, 14; 34:16; 35:7, 20, 22; 36:4, 5, 6, 8, 9; 37:3, 9, 10, 11, 22, 29, 34; 38:11, 21; 39:1; 40:2; 41:2, 3; 42:1, 4, 6, 7; 43:3, 4; 44:3, 19, 25; 45:4, 6, 8, 9, 15, 16; 46:2, 3, 4, 6, 8, 9, 10; 47:2, 7, 8, 9; 48:1, 2, 3, 7, 8, 9, 10, 11, 12, 13; 49:1, 11, 14, 15, 16; 50:1, 4, 6, 9, 10, 11, 12; 51:13, 18, 19; 52:0, 5, 8; 53:2; 55:7, 9, 10, 11, 14, 15, 23; 57:3, 5, 6, 10, 11; 58:2, 7, 8, 11; 59:0, 6, 13, 14; 60:2, 5, 6, 9; 61:2, 3, 4; 62:3; 63:0, 1, 2, 6, 8, 9; 65:4, 5, 6, 7, 8, 9, 10, 11, 12, 13; 66:1, 4, 6, 12, 13; 67:2, 4, 6, 7; 68:4, 5, 6, 7, 8, 12, 15, 16, 17, 22, 24, 26, 29, 32, 33, 34, 35; 69:1, 2, 9, 12, 14, 15, 25, 34, 35; 71:3, 12, 20; 72:3, 5, 6, 7, 8, 9, 10, 16, 17, 19; 73:9, 10, 12, 17, 18, 23, 25, 27, 28; 74:1, 2, 3, 7, 8, 11, 12, 13, 14, 15, 16, 17, 20; 75:1, 3, 6, 8; 76:2, 4, 8, 9, 12; 77:10, 13, 16, 17, 18, 19; 78:12, 13, 15, 16, 17, 19, 20, 23, 24, 26, 27, 28, 40, 43, 44, 51, 52, 53, 54, 55, 60, 67, 68, 69, 70; 79:1, 2, 7, 13; 80:9, 10, 11, 12, 13, 14, 15, 17; 81:5, 7, 10, 13; 82:5, 8; 83:6, 9, 10, 12, 14, 18; 84:1, 2, 3, 4, 5, 6, 10, 11; 85:1, 9, 11, 12; 86:13; 87:1, 2, 3; 88:3, 4, 5, 6, 8, 11, 12, 18; 89:2, 4, 5, 6, 9, 11, 12, 13, 14, 25, 27, 29, 36, 37, 39, 40, 41, 42, 44, 48; 90:1, 2; 91:1, 2, 7, 9, 10, 11; 92:13; 93:1, 2, 4, 5; 94:2, 13, 20; 95:4, 5, 7, 8, 10; 96:1, 5, 6, 8, 9, 10, 11, 12, 13; 97:1, 2, 4, 5, 6, 9; 98:1, 3, 4, 7, 8, 9; 99:1, 9; 100:1, 3, 4; 101:2, 6, 7, 8; 102:6, 7, 15, 19, 23, 25; 103:7, 11, 12, 15, 16, 19, 22; 104:2, 3, 5, 6, 8, 9, 10, 11, 12, 13, 14, 17, 18, 19, 20, 22, 24, 25, 26, 30, 32, 35; 105:7, 11, 16, 23, 27, 29, 30, 31, 32, 33, 35, 36, 40, 41, 44; 106:7, 9, 11, 14, 16, 17, 22, 24, 25, 26, 27, 32, 38; 107:3, 4, 7, 16, 18, 23, 24, 26, 30, 33, 34, 35, 36, 37, 40; 108:4, 5, 6, 7, 10; 109:6, 10, 15, 17, 31; 110:1, 5, 6, 7; 112:2; 113:3, 4, 6, 7, 9; 114:2, 3, 4, 5, 6, 7, 8; 115:3, 15, 16; 116:3, 9, 19; 118:5, 15, 16, 19, 20, 26, 27; 119:1, 3, 5, 15, 19, 26, 35, 54, 59, 64, 85, 87, 89, 90, 105, 114, 119, 130, 136, 150, 151, 155, 168, 169; 120:5; 121:1, 2, 5, 6; 122:1, 2, 3, 5, 7, 9; 123:1; 124:4, 5, 8; 125:1, 2, 5; 126:4; 127:1, 5; 128:1, 3; 129:3, 6; 130:1; 132:3, 5, 6, 7, 11, 12, 13; 133:3; 134:1, 2, 3; 135:2, 6, 7, 12; 136:5, 6, 8, 9, 13, 15, 16, 21, 26; 137:1, 4, 5; 138:2, 4, 5, 6, 7; 139:2, 3, 8, 9, 10, 15; 140:5, 10, 11; 141:3, 6, 7; 142:3, 4, 5, 7; 143:3, 6, 7, 10; 144:2, 5, 7, 8, 11, 12, 13, 14; 145:17; 146:4, 6; 147:4, 6, 8, 13, 14, 15, 18; 148:1, 3, 4, 7, 9, 11, 13, 14; 149:5; 150:1
Prov 1:12, 13, 15, 19, 20, 21; 2:8, 9, 13, 15, 18, 19, 20, 21, 22; 3:6, 10, 16, 17, 19, 20, 31, 33; 4:11, 14, 18, 24, 26, 27; 5:5, 6, 8, 15, 16, 18, 21; 6:6; 7:6, 8, 11, 12, 16, 17, 19, 20, 25, 27; 8:2, 3, 13, 16, 20, 23, 24, 25, 26, 27, 28, 29, 31, 32, 34; 9:1, 3, 14, 15, 17, 18; 10:9, 11, 14, 15, 30; 11:10, 11, 31; 12:7, 11, 28; 13:6, 14; 14:1, 2, 11, 12, 14, 19, 26, 27; 15:3, 6, 11, 19, 24, 25, 29; 16:2, 7, 12, 17, 22, 25, 32; 17:1, 19, 23, 24; 18:4, 10, 11, 16, 19; 19:7, 14, 16; 20:8, 28; 21:1, 9, 19, 20, 22; 22:5, 13, 14, 15, 22, 25, 28; 23:5, 10, 14, 26, 27, 34; 24:3, 4, 7, 15, 27, 30, 31; 25:3, 5, 6, 14, 17, 23, 24, 25, 26, 28; 26:13, 14, 27; 27:8, 10, 16, 20, 25, 26; 28:2, 6, 10, 17, 18, 19; 29:4, 8, 14; 30:4, 8, 14, 16, 17, 19, 21, 24, 26, 28; 31:3, 14, 16, 23, 27, 31
Eccl 1:3, 4, 5, 6, 7, 9, 13, 14; 2:3, 4, 5, 6, 7, 8, 11, 13, 17, 18, 19, 20, 22; 3:1, 11, 16, 20, 21; 4:1, 3, 7, 14, 15; 5:1, 2, 8, 9, 13, 18; 6:1, 5, 6, 12; 7:2, 4, 11, 19, 20, 23, 24; 8:9, 10, 14, 15, 16, 17; 9:3, 6, 9, 10, 11, 13, 14, 15; 10:2, 3, 4, 5, 6, 7, 8, 15, 16, 17, 18, 20; 11:1, 2, 3, 4, 7, 9; 12:2, 3, 4, 5, 6, 7
Song 1:4, 5, 6, 8, 14, 16, 17; 2:1, 3, 4, 6, 7, 8, 9, 12, 14, 17; 3:2, 3, 4, 5, 6, 9; 4:1, 3, 4, 6, 8, 12, 13, 15, 16; 5:1, 4, 7, 12; 6:2, 7, 10, 11; 7:4, 5, 11, 12, 13; 8:2, 3, 5, 6, 7, 9, 10, 11, 12, 13, 14
Isa 1:2, 7, 8, 12, 20, 21, 26, 29, 30; 2:2, 3, 6, 7, 8, 10, 14, 15, 16, 19, 21; 3:6, 7, 12, 14, 18, 26; 4:2, 5, 6; 5:1, 2, 3, 4, 5, 6, 7, 8, 9, 10, 14, 17, 25, 26, 30; 6:1, 3, 4, 6, 11, 12; 7:2, 3, 16, 18, 19, 20, 22, 23, 24, 25; 8:6, 7, 8, 9, 14, 18, 22; 9:1, 2, 7, 18, 19, 20; 10:3, 6, 12, 14, 18, 19, 22, 23, 26, 29, 32, 34; 11:4, 8, 9, 11, 12, 14, 15, 16; 12:3, 5; 13:2, 4, 5, 9, 10, 11, 13, 14, 16, 20, 21, 22; 14:1, 2, 4, 7, 9, 11, 12, 13, 14, 15, 16, 17, 18, 19, 20, 21, 25, 26, 31; 15:2, 3, 5, 6, 7, 8, 9; 16:1, 2, 4, 5, 7, 8, 10, 12; 17:1, 2, 3, 5, 6, 8, 9, 12, 13; 18:1, 2, 3, 4, 6, 7; 19:2, 5, 6, 7, 8, 10, 17, 18, 19, 20, 23, 24; 20:6; 21:1, 5, 8, 9, 10, 13, 14; 22:1, 2, 3, 5, 7, 8, 9, 10, 11, 16, 18, 23, 25; 23:1, 2, 3, 4, 6, 7, 8, 9, 10, 11, 13, 14, 16, 17; 24:1, 3, 4, 5, 6, 10, 11, 12, 13, 14, 15, 16, 17, 18, 19, 20, 21, 22, 23; 25:2, 3, 4, 5, 6, 7, 8, 10, 12; 26:1, 2, 5, 7, 9, 10, 15, 18, 19, 20, 21; 27:1, 2, 6, 8, 9, 10, 12, 13; 28:1, 2, 4, 6, 8, 15, 17, 18, 20, 21, 22, 24, 25; 29:1, 3, 4, 8, 13, 17, 21; 30:6, 11, 13, 14, 17, 20, 21, 23, 24, 25, 26, 27, 28, 29, 32, 33; 31:4, 9; 32:2, 12, 13, 14, 15, 16, 18, 19, 20; 33:8, 9, 13, 16, 17, 18, 20, 21; 34:1, 3, 4, 5, 6, 7, 9, 13, 14; 35:1, 6, 7, 8; 36:1, 2, 7, 10, 11, 12, 15, 16, 17, 18, 20; 37:1, 7, 11, 13, 14, 16, 20, 24, 25, 26, 27, 29, 30, 32, 33, 34, 35, 36, 38; 38:2, 6, 8, 10, 11, 12, 17, 18, 20, 22; 39:2, 3, 4, 6, 7; 40:3, 4, 6, 9, 12, 14, 15, 21, 22, 23, 24, 28; 41:1, 2, 3, 5, 9, 10, 13, 15, 18, 19, 25; 42:2, 4, 5, 7, 10, 11, 12, 15, 16, 22, 24; 43:2, 5, 6, 14, 16, 19, 20, 28; 44:3, 4, 13, 14, 20, 23, 24, 26, 27, 28; 45:1, 2, 3, 6, 8, 9, 12, 13, 17, 18, 19, 20, 21, 22; 46:7, 11, 12, 13; 47:1, 2, 15; 48:1, 2, 13, 16, 18, 20, 21; 49:1, 6, 8, 9, 10, 11, 12, 13, 16, 19, 20, 23; 50:2, 3, 8; 51:1, 3, 5, 6, 10, 13, 14, 15, 16, 20, 23; 52:1, 7, 9, 10, 11; 53:2, 8, 9; 54:2, 3, 5, 9, 10, 12, 14; 55:1, 6, 8, 9, 10, 12; 56:5, 7, 9, 11; 57:2, 3, 5, 6, 7, 8, 9, 13, 14, 15, 18, 19, 20; 58:2, 7, 11, 12, 13, 14; 59:7, 8, 9, 10, 11, 14, 18, 19; 60:2, 4, 5, 7, 8, 9, 10, 11, 13, 14, 18, 19, 20, 21; 61:1, 4, 7, 11; 62:4, 6, 7, 8, 9, 10, 11, 12; 63:3, 6, 11, 12, 13, 14, 15, 17, 18; 64:1, 2, 3, 4, 5, 10, 11; 65:3, 4, 5, 7, 9, 10, 11, 16, 17, 20, 21, 25; 66:1, 3, 6, 8, 12, 17, 19, 20, 22
Jer 1:1, 13, 14, 15, 18; 2:2, 5, 6, 7, 10, 12, 13, 15, 17, 18, 20, 23, 24, 28, 31, 33; 3:1, 2, 6, 9, 12, 13, 14, 16, 17, 18, 19, 21, 23; 4:3, 5, 6, 7, 11, 12, 13, 15, 16, 17, 20, 23, 24, 25, 26, 27, 28, 29; 5:1, 6, 7, 10, 15, 16, 17, 19, 22, 27, 30; 6:1, 3, 5, 6, 7, 8, 12, 16, 19, 20, 22, 23, 25, 27; 7:2, 3, 4, 5, 6, 7, 10, 11, 12, 14, 17, 20, 22, 23, 25, 29, 30, 32, 33, 34; 8:1, 2, 3, 7, 10, 14, 16, 19; 9:1, 2, 3, 6, 10, 11, 12, 18, 19, 21, 22, 24, 26; 10:2, 3, 10, 11, 12, 13, 17, 18, 20, 22, 25; 11:4, 5, 6, 7, 12, 13, 15, 19; 12:2, 4, 5, 8, 9, 10, 11, 12, 14, 15, 16; 13:4, 6, 7, 13, 16, 17, 19, 20, 24, 27; 14:2, 3, 4, 5, 6, 8, 13, 15, 16, 18, 21, 22; 15:3, 4, 7, 8, 9, 10, 13, 14, 18, 20; 16:2, 3, 4, 5, 6, 8, 9, 13, 14, 15, 16, 17, 18, 19; 17:1, 2, 3, 4, 6, 8, 10, 12, 13, 19, 20, 21, 22, 24, 25, 26, 27; 18:2, 3, 11, 14, 15, 16, 17, 20, 22; 19:2, 3, 4, 6, 7, 8, 11, 12, 13, 14, 15; 20:1, 2, 3, 5, 6, 16, 17; 21:4, 6, 7, 9, 10, 11, 13, 14; 22:1, 2, 3, 4, 5, 6, 8, 10, 11, 12, 13, 14, 19, 20, 24, 26, 27, 28, 29, 30; 23:1, 3, 5, 7, 8, 10, 11, 12, 15, 23, 24, 39; 24:1, 5, 6, 8, 9, 10; 25:5, 9, 11, 12, 13, 18, 20, 22, 23, 24, 26, 29, 30, 31, 32, 33, 35, 36, 37, 38; 26:2, 6, 7, 9, 10, 11, 12, 13, 15, 17, 18, 20, 23; 27:5, 6, 7, 10, 11, 16, 17, 18, 19, 21, 22; 28:1, 3, 4, 5, 6, 14, 16; 29:5, 7, 10, 14, 16, 18, 26, 28; 30:3, 10, 18, 21; 31:2, 5, 6, 8, 9, 10, 12, 16, 17, 21, 22, 23, 24, 32, 35, 37, 38, 39, 40; 32:2, 3, 7, 8, 9, 12, 15, 17, 19, 20, 22, 24, 25, 28, 29, 31, 34, 36, 37, 41, 43, 44; 33:1, 4, 5, 9, 10, 11, 12, 13, 15, 17, 21, 22, 25; 34:1, 2, 7, 13, 15, 17, 19, 20, 22; 35:2, 4, 7, 9, 10, 11, 15; 36:5, 6, 8, 9, 10, 12, 20, 21, 22, 23, 29, 30; 37:1, 2, 4, 7, 8, 10, 12, 13, 15, 16, 17, 18, 19, 20, 21; 38:2, 3, 4, 6, 7, 8, 9, 10, 11, 13, 14, 17, 18, 22, 23, 26, 28; 39:2, 3, 4, 5, 8, 9, 10, 14, 15, 16; 40:2, 4, 5, 6, 7, 9, 10, 12, 13; 41:2, 5, 7, 8, 9, 12, 17, 18; 42:1, 10, 12, 13, 14, 16, 18, 22; 43:4, 5, 7, 9, 10, 11, 12, 13; 44:1, 2, 6, 8, 9, 12, 13, 14, 15, 17, 21, 22, 24, 26, 27, 28, 29; 45:4, 5; 46:2, 3, 6, 7, 8, 10, 12, 13, 16, 18, 20, 23, 24, 27; 47:2, 4, 5, 7; 48:6, 8, 9, 15, 16, 18, 19, 21, 24, 28, 32, 33, 34, 38, 41, 43, 44, 45, 47; 49:1, 4, 10, 13, 16, 18, 19, 20, 21, 23, 25, 26, 27, 28, 29, 30, 31, 32, 33, 36, 38; 50:1, 3, 5, 6, 7, 8, 9, 12, 15, 16, 18, 19, 21, 22, 23, 25, 26, 28, 30, 32, 34, 38, 39, 40, 41, 42, 44, 45, 46; 51:2, 4, 5, 7, 9, 11, 12, 13, 15, 16, 25, 27, 28, 29, 30, 31, 32, 33, 36, 37, 41, 42, 43, 44, 46, 47, 48, 49, 50, 51, 52, 53, 54, 55, 58, 62, 64; 52:4, 5, 6, 7, 8, 9, 11, 13, 14, 15, 16, 17, 20, 24, 25, 27, 31, 32, 33
Lam 1:1, 3, 4, 6, 10, 15, 16, 19, 20; 2:1, 2, 3, 4, 5, 6, 7, 8, 9, 10, 11, 12, 13, 15, 18, 19, 20, 21; 3:6, 9, 10, 11, 17, 34, 40, 41, 48, 50, 51, 53, 55, 57, 66; 4:1, 3, 5, 8, 9, 12, 14, 18, 19, 20, 21; 5:2, 9, 10, 11, 14, 18, 19
Ezek 1:1, 3, 4, 10, 15, 19, 21, 22, 23, 24, 25, 26, 27; 3:12, 15, 22, 23, 24; 4:1, 2, 3, 4, 6; 5:2, 11; 6:2, 3, 4, 5, 6, 12, 13, 14; 7:2, 7, 15, 16, 19, 20, 21, 22, 23, 24, 27; 8:1, 2, 3, 4, 5, 6, 7, 8, 10, 12, 14, 16, 17; 9:1, 2, 3, 4, 5, 6, 7, 9; 10:1, 2, 3, 4, 5, 11, 15, 16, 18, 19, 20, 22; 11:1, 2, 3, 6, 7, 10, 11, 15, 16, 17, 18, 23; 12:3, 5, 6, 7, 12, 13, 19, 20, 22, 27; 13:4, 5, 9, 10, 12, 14, 15; 14:13, 15, 16, 17, 19; 15:2, 6, 8; 16:3, 5, 7, 24, 25, 29, 31, 39, 41, 46; 17:4, 5, 7, 8, 10, 13, 16, 17, 22, 23, 24; 18:2, 6, 11, 15; 19:4, 7, 8, 9, 10, 12, 13; 20:5, 6, 8, 9, 10, 13, 15, 17, 18, 21, 23, 28, 35, 36, 38, 40, 42, 46, 47; 21:2, 3, 4, 14, 15, 16, 19, 20, 21, 22, 30, 32; 22:2, 3, 5, 9, 24, 29, 30; 23:13, 14, 15, 17, 19, 27, 38, 39, 40, 41, 42, 47, 48; 24:6, 7, 8, 9, 21; 25:3, 4, 5, 6, 9, 10, 16; 26:2, 3, 4, 5, 6, 7, 8, 9, 10, 11, 12, 14, 15, 16, 17, 18, 19, 20; 27:3, 4, 5, 6, 7, 9, 11, 13, 15, 17, 19, 25, 26, 27, 28, 29, 32, 33, 34, 35; 28:2, 8, 13, 14, 16, 17, 18, 23, 25, 26; 29:3, 4, 5, 9, 10, 12, 14, 19, 20; 30:5, 6, 7, 9, 11, 12, 13, 17, 25; 31:3, 4, 5, 6, 7, 8, 9, 10, 12, 13, 14, 15, 16, 17, 18; 32:2, 4, 5, 6, 7, 8, 13, 14, 15, 18, 21, 23, 24, 25, 26, 27, 29, 30, 32; 33:2, 3, 21, 24, 25, 26, 27, 28, 29, 30; 34:5, 6, 8, 12, 13, 14, 18, 25, 26, 27, 28, 29, 31; 35:2, 3, 4, 7, 8, 9, 12, 14, 15; 36:1, 2, 4, 5, 6, 8, 10, 13, 17, 18, 20, 24, 28, 30, 33, 34, 35, 36, 38; 37:1, 2, 12, 14, 21, 22, 23, 25, 26, 27, 28; 38:2, 6, 8, 9, 11, 12, 15, 16, 18, 19, 20, 21; 39:2, 3, 4, 5, 6, 9, 10, 11, 12, 13, 14, 15, 16, 17, 18, 26, 27; 40:1, 2, 3, 5, 6, 7, 8, 9, 10, 11, 12, 13, 14, 15, 16, 17, 18, 19, 20, 21, 22, 23, 24, 25, 26, 27, 28, 29, 30, 31, 32, 33, 34, 35, 36, 37, 38, 39, 40, 41, 44, 45, 46, 47, 48, 49; 41:1, 2, 3, 4, 5, 6, 7, 8, 9, 10, 11, 12, 13, 14, 15, 16, 17, 19, 20, 21, 22, 23, 24, 25, 26; 42:1, 2, 3, 4, 5, 6, 7, 8, 9, 10, 11, 12, 13, 14, 15, 16, 17, 18, 19, 20; 43:1, 2, 3, 4, 5, 6, 7, 8, 9, 10, 11, 12, 13, 14, 15, 16, 17, 18, 20, 21, 22, 26, 27; 44:1, 2, 3, 4, 5, 7, 8, 9, 10, 11, 12, 13, 14, 15, 16, 17, 19, 21, 27, 30; 45:1, 2, 3, 4, 5, 6, 7, 8, 15, 16, 18, 19, 20, 22; 46:1, 2, 3, 8, 9, 12, 19, 20, 21, 22, 23, 24; 47:1, 2, 3, 4, 5, 6, 7, 8, 9, 10, 11, 12, 13, 14, 15, 16, 17, 18, 19, 20, 21, 22; 48:1, 2, 3, 4, 5, 6, 7, 8, 10, 12, 13, 14, 15, 16, 17, 18, 19, 20, 21, 22, 23, 24, 25, 26, 27, 28, 29, 30, 31, 32, 33, 34, 35
Dan 1:2, 4; 2:5, 10, 17, 18, 19, 28, 35, 37, 38, 39, 44, 45, 48, 49; 3:1, 2, 3, 6, 8, 11, 12, 15, 17, 19, 20, 21, 22, 23, 26, 29, 30; 4:1, 4, 10, 11, 12, 13, 15, 20, 21, 22, 23, 25, 26, 29, 30, 31, 32, 33, 34, 35, 37; 5:2, 3, 5, 10, 20, 21, 23; 6:7, 10, 12, 16, 17, 18, 19, 20, 23, 24, 25, 27; 7:2, 3, 4, 9, 10, 13, 16, 17, 23, 27; 8:2, 3, 4, 5, 6, 7, 8, 9, 10, 11, 12, 13, 14, 16, 17, 18; 9:6, 7, 12, 15, 16, 17, 18, 19, 20, 24, 25, 26; 10:4, 9, 15; 11:2, 4, 5, 6, 7, 8, 9, 10, 11, 13, 14, 15, 16, 18, 19, 24, 25, 28, 29, 30, 31, 39, 40, 41, 42, 44, 45; 12:2, 3, 5, 6, 7
Hos 1:2, 5, 10, 11; 2:3, 6, 12, 14, 15, 18, 21, 22, 23; 4:1, 3, 13, 16; 5:15; 6:3, 8, 9; 7:4, 6, 7, 12, 16; 8:11, 14; 9:1, 2, 3, 4, 6, 8, 10, 13; 10:1, 2, 4, 8, 10, 12, 14; 11:5, 6, 9, 10, 11; 12:1, 9, 11, 12; 13:3, 4, 5, 6, 7, 10, 13, 14, 15
Joel 1:2, 6, 9, 10, 11, 12, 13, 14, 16, 17, 18, 19, 20; 2:1, 2, 3, 5, 7, 8, 9, 10, 11, 16, 17, 18, 20, 21, 22, 24, 30, 31, 32; 3:2, 4, 5, 6, 7, 8, 9, 12, 13, 14, 15, 16, 17, 18, 19
Amos 1:2, 4, 5, 7, 10, 12, 13, 14; 2:2, 5, 7, 8, 10; 3:1, 2, 4, 5, 6, 9, 10, 11, 12, 13, 14, 15; 4:1, 3, 6, 7, 8, 9, 13; 5:2, 3, 7, 8, 9, 10, 11, 12, 15, 16, 17, 19, 24, 25, 26; 6:1, 2, 3, 4, 8, 9, 10, 11, 12, 14; 7:2, 4, 7, 9, 10, 11, 12, 13, 17; 8:3, 4, 8, 9, 11, 12; 9:1, 2, 3, 4, 5, 6, 7, 8, 9, 11, 13, 14, 15
Obad 1:3, 4, 7, 8, 9, 11, 13, 14, 16, 17, 19, 20, 21
Jonah 1:2, 3, 4, 5, 8, 9, 11, 12, 13, 15; 2:2, 3, 4, 6, 7, 10; 3:2, 3, 4, 6; 4:2, 5, 8, 11
Mic 1:2, 3, 4, 5, 6, 9, 10, 12, 14; 2:1, 2, 4, 9, 12, 13; 3:6, 12; 4:1, 2, 3, 7, 8, 10, 12, 13; 5:4, 5, 6, 8, 11, 14; 6:1, 2, 4, 7, 9, 10; 7:2, 5, 10, 11, 12, 13, 14, 15, 17, 19
Nah 1:4, 5, 7, 8, 14, 15; 2:4, 5, 6, 8, 11, 12, 13; 3:1, 8, 10, 12, 13, 14, 16, 17, 18
Hab 1:6, 8, 9, 10, 14; 2:1, 5, 8, 11, 12, 14, 16, 17, 20; 3:3, 6, 7, 8, 9, 10, 11, 12, 14, 15, 17, 19
Zeph 1:2, 3, 4, 5, 9, 10, 13, 15, 16, 18; 2:3, 5, 6, 7, 8, 9, 11, 13, 14, 15; 3:1, 2, 4, 6, 7, 8, 10, 11, 19, 20
Hag 1:2, 4, 8, 9, 10, 11, 14; 2:3, 4, 6, 7, 9, 15, 16, 18, 19, 21, 22
Zech 1:8, 10, 11, 12, 16, 17, 21; 2:4, 5, 6, 12, 13; 3:1, 7, 9; 4:2, 3, 7, 9, 10, 11, 14; 5:3, 4, 6, 9, 11; 6:1, 5, 6, 7, 8, 10, 12, 13, 14, 15; 7:2, 3, 5, 7, 14; 8:3, 4, 5, 7, 9, 12, 16, 20, 21; 9:1, 2, 3, 4, 8, 10, 11, 12, 14, 15, 16; 10:1, 4, 5, 6, 9, 10, 11; 11:1, 2, 6, 13, 16, 17; 12:1, 3, 6, 7, 11, 12; 13:1, 2, 6, 8; 14:2, 4, 5, 8, 9, 10, 15, 17, 20, 21
Mal 1:3, 4, 5, 7, 10, 11; 2:9, 12, 13; 3:1, 5, 10, 11, 12; 4:1, 6
Matt 2:1, 2, 6, 7, 9, 10, 11, 12, 16, 20, 21, 23; 3:1, 2, 3, 5, 12, 16, 17; 4:1, 5, 8, 12, 13, 15, 16, 17, 18, 21, 22, 23; 5:1, 3, 5, 10, 12, 13, 14, 15, 16, 18, 19, 20, 22, 23, 24, 25, 26, 29, 30, 34, 35, 45, 48; 6:1, 2, 5, 6, 9, 10, 19, 20, 26, 28, 30; 7:11, 13, 14, 21, 24, 25, 26, 27; 8:1, 6, 8, 11, 12, 14, 20, 23, 24, 26, 27, 28, 30, 32, 33, 34; 9:1, 6, 7, 9, 10, 15, 23, 24, 26, 27, 28, 31, 35; 10:5, 7, 11, 12, 14, 15, 17, 23, 25, 27, 28, 29, 32, 33, 34; 11:1, 2, 7, 8, 11, 12, 16, 20, 23, 24, 25; 12:4, 5, 6, 9, 11, 15, 19, 25, 29, 32, 40, 42, 43, 44, 50; 13:1, 2, 4, 5, 6, 8, 11, 19, 20, 22, 23, 24, 27, 30, 31, 33, 35, 36, 38, 39, 40, 42, 43, 44, 45, 47, 48, 49, 50, 52, 53, 54, 57; 14:3, 10, 13, 15, 19, 22, 23, 24, 25, 26, 29, 32, 33, 34, 35; 15:14, 21, 22, 24, 29, 32, 33, 35, 39; 16:1, 2, 3, 13, 17, 18, 19, 22, 26; 17:1, 2, 4, 9, 20, 25, 27; 18:1, 3, 4, 6, 7, 9, 10, 12, 14, 18, 19, 23, 30; 19:1, 12, 14, 15, 21, 23, 28, 29; 20:1, 2, 3, 4, 7, 8, 11, 17, 21, 30; 21:1, 2, 8, 10, 12, 13, 14, 15, 17, 18, 19, 21, 23, 25, 28, 33, 39, 40, 41, 42; 22:2, 5, 7, 9, 10, 13, 30; 23:2, 6, 7, 9, 13, 14, 15, 16, 17, 18, 19, 20, 21, 22, 27, 28, 29, 33, 34, 35, 38; 24:1, 3, 7, 14, 15, 16, 17, 18, 21, 26, 27, 29, 30, 31, 33, 35, 36, 38, 40, 43; 25:1, 10, 14, 18, 25, 30, 31, 34, 36, 39, 44; 26:3, 6, 13, 18, 30, 36, 52, 55, 58, 61, 64, 69, 71; 27:5, 6, 7, 8, 10, 19, 27, 29, 33, 38, 40, 45, 51, 52, 53, 55, 60, 61, 64, 66; 28:1, 2, 6, 8, 11, 16, 18, 20
Mark 1:2, 3, 4, 5, 10, 11, 12, 13, 14, 16, 19, 20, 21, 23, 28, 29, 33, 35, 38, 39, 45; 2:1, 2, 4, 10, 11, 13, 15, 19, 23, 26; 3:1, 7, 9, 13, 19, 27; 4:1, 4, 5, 6, 8, 15, 16, 19, 20, 21, 26, 28, 31, 36, 37, 38, 39, 41; 5:1, 2, 3, 5, 6, 10, 11, 13, 14, 17, 18, 19, 21, 22, 29, 35, 36, 38; 6:1, 2, 4, 6, 10, 11, 17, 27, 29, 31, 32, 33, 35, 36, 41, 45, 46, 47, 48, 49, 51, 53, 54, 55, 56; 7:4, 17, 24, 30, 31, 34; 8:3, 4, 6, 10, 11, 13, 14, 23, 26, 27, 36; 9:2, 3, 5, 9, 20, 22, 28, 30, 33, 34, 42, 43, 45, 47; 10:1, 10, 17, 21, 29, 30, 32, 37, 46, 52; 11:1, 2, 4, 8, 11, 13, 15, 16, 17, 19, 23, 25, 26, 27, 30; 12:1, 2, 8, 9, 25, 35, 38, 39, 40, 41, 43; 13:1, 2, 3, 8, 9, 14, 15, 16, 24, 25, 26, 27, 29, 31, 32, 34, 35; 14:3, 9, 13, 14, 15, 16, 26, 32, 35, 49, 54, 58, 62, 66, 68; 15:16, 21, 22, 27, 29, 33, 38, 40, 46; 16:2, 3, 5, 6, 8, 12, 15, 19
Luke 1:9, 11, 21, 22, 23, 26, 27, 32, 33, 39, 40, 56, 65, 69, 70, 76, 80; 2:1, 3, 4, 7, 8, 11, 12, 14, 15, 16, 27, 37, 39, 46; 3:1, 2, 3, 4, 5, 17, 20, 21, 22; 4:1, 5, 9, 14, 15, 16, 17, 20, 23, 24, 25, 26, 28, 29, 31, 33, 37, 38, 40, 42, 43, 44; 5:1, 2, 3, 7, 11, 12, 16, 17, 19, 24, 25, 29, 34; 6:1, 4, 6, 12, 17, 23, 39, 48, 49; 7:5, 6, 10, 11, 12, 17, 24, 25, 32, 36, 37, 44; 8:1, 4, 5, 8, 12, 15, 22, 23, 26, 27, 29, 32, 33, 34, 37, 39, 41, 49, 51; 9:4, 5, 6, 10, 12, 16, 25, 28, 33, 37, 52, 54, 56, 57, 58, 61; 10:1, 3, 5, 7, 8, 10, 11, 12, 15, 18, 20, 21, 32, 34, 38; 11:1, 2, 7, 16, 17, 21, 24, 31, 33, 43, 44, 47, 48, 50, 51; 12:3, 5, 11, 16, 17, 18, 24, 28, 30, 33, 39, 49, 51, 54, 55, 56, 58, 59; 13:4, 6, 7, 10, 14, 19, 22, 24, 25, 26, 29, 35; 14:1, 5, 7, 8, 9, 10, 18, 21, 22, 23, 28, 29, 35; 15:1, 4, 6, 7, 8, 13, 14, 15, 18, 21, 25; 16:4, 8, 9, 17, 20, 23, 26, 27, 28; 17:2, 6, 7, 12, 24, 27, 29, 31, 34, 36; 18:2, 3, 8, 10, 13, 14, 22, 29, 30, 35, 40; 19:4, 5, 9, 12, 17, 19, 23, 29, 30, 36, 37, 38, 41, 43, 44, 45, 46, 47; 20:1, 4, 5, 9, 10, 13, 15, 16, 34, 35, 46, 47; 21:1, 5, 11, 12, 21, 23, 25, 26, 27, 33, 35, 37, 38; 22:10, 11, 12, 30, 33, 39, 40, 41, 43, 44, 47, 50, 52, 53, 54, 55; 23:5, 19, 25, 26, 30, 33, 43, 44, 45, 49, 51, 53, 55; 24:1, 2, 5, 9, 12, 13, 15, 22, 24, 28, 32, 35, 49, 50, 51, 53
John 1:9, 10, 23, 29, 32, 44, 51; 2:14, 15, 16, 17, 19, 20, 21; 3:13, 14, 16, 17, 19, 22, 23, 24, 27, 31; 4:5, 6, 8, 11, 12, 14, 20, 21, 28, 30, 35, 39, 42, 43, 44; 5:2, 4, 7, 13, 14, 28; 6:1, 3, 10, 14, 15, 16, 17, 18, 19, 21, 22, 23, 25, 31, 32, 33, 38, 41, 42, 49, 50, 51, 58, 59; 7:4, 7, 14, 28, 38, 42, 53; 8:1, 2, 6, 8, 12, 20, 23, 26, 35, 37, 59; 9:5, 6, 7, 11, 22, 32, 39; 10:1, 2, 9, 16, 23, 36, 40; 11:1, 6, 9, 17, 20, 27, 30, 31, 38, 41, 46, 48, 54, 55, 56; 12:3, 17, 19, 24, 25, 28, 31, 32, 42, 46, 47; 13:1; 14:2, 3, 17, 19, 22, 27, 30, 31; 15:18, 19; 16:2, 8, 11, 20, 21, 28, 33; 17:1, 4, 5, 6, 9, 11, 12, 13, 14, 15, 16, 18, 21, 23, 24, 25; 18:1, 2, 6, 10, 15, 16, 17, 20, 26, 28, 33, 36, 37; 19:9, 13, 17, 20, 27, 41, 42; 20:1, 2, 3, 4, 6, 7, 8, 10, 11, 19, 26; 21:1, 3, 4, 6, 7, 8, 9, 11, 25
Acts 1:8, 9, 10, 11, 12, 13, 18, 19, 20, 25; 2:1, 2, 5, 10, 19, 20, 25, 27, 28, 29, 30, 31, 33, 34, 36, 39, 46; 3:1, 2, 3, 7, 8, 10, 11, 21, 25; 4:1, 7, 11, 12, 24, 26, 31, 34, 36, 37; 5:3, 8, 9, 12, 15, 16, 18, 19, 20, 21, 22, 23, 24, 25, 31, 42; 6:9, 13, 14; 7:3, 4, 6, 7, 11, 16, 29, 30, 31, 33, 36, 38, 40, 42, 43, 44, 46, 47, 48, 49, 55, 56, 58; 8:1, 3, 5, 8, 9, 25, 26, 29, 32, 33, 36, 38, 40; 9:2, 3, 4, 6, 8, 11, 17, 20, 24, 25, 27, 32, 37, 39; 10:2, 6, 9, 11, 12, 16, 17, 22, 24, 30, 32, 39; 11:5, 6, 9, 10, 11, 12, 13, 19, 22, 28; 12:4, 5, 6, 7, 10, 12, 13, 14, 16, 17, 20, 21; 13:4, 5, 6, 7, 10, 11, 14, 15, 17, 18, 19, 29, 42, 44, 47, 49, 50; 14:1, 4, 6, 13, 15, 16, 17, 19, 20, 21, 26, 27; 15:16, 18, 21, 36; 16:3, 4, 6, 12, 13, 14, 15, 19, 20, 23, 24, 26, 27, 32, 34, 36, 37, 39, 40; 17:1, 5, 6, 8, 10, 14, 16, 17, 23, 24, 26, 27, 31; 18:4, 7, 8, 10, 12, 16, 17, 18, 19, 23, 26; 19:1, 8, 9, 16, 27, 29, 31, 35; 20:2, 8, 9, 13, 15, 20, 23, 38; 21:1, 2, 3, 5, 6, 8, 12, 26, 27, 28, 29, 30, 33, 34, 35, 37, 38, 39, 40; 22:3, 4, 6, 7, 17, 19, 22, 24; 23:3, 10, 15, 16, 32, 34, 35; 24:3, 5, 6, 12, 18, 22, 27; 25:1, 3, 6, 8, 10, 17, 23; 26:10, 11, 13, 14, 20, 21, 26; 27:2, 4, 5, 6, 8, 10, 11, 12, 13, 15, 16, 17, 18, 19, 20, 22, 26, 27, 29, 30, 31, 32, 37, 38, 39, 40, 41, 43, 44; 28:1, 4, 7, 9, 11, 13, 15, 23, 30
Rom 1:8, 18, 20; 3:6, 12, 13, 16, 17, 19; 4:13; 5:12, 13; 8:34; 9:17, 27, 28; 10:6, 7, 18; 11:3, 12, 15, 33; 12:2, 19; 13:12; 14:10; 15:23, 24; 16:5, 23, 25
1Cor 1:2, 20, 21, 27, 28; 2:6, 7, 8, 12; 3:16, 17, 18, 19, 22; 4:9, 11, 13, 17; 5:10; 6:2, 19; 7:31, 33, 34; 8:4, 5, 10, 13; 9:7, 13; 10:1, 2, 5, 11, 18, 26, 28; 11:20, 22, 32, 34; 13:2; 14:10, 16, 23, 35; 15:41, 47, 55; 16:7, 9, 19
2Cor 1:12; 2:12, 13, 14; 4:4; 5:1, 2, 4, 10, 19; 6:7, 16; 7:10; 10:4, 14, 16; 11:10, 23, 25, 26, 32, 33; 12:2, 4
Gal 1:4, 8, 21; 2:5, 9; 4:3, 24, 25; 6:14
Eph 1:3, 4, 10, 20, 21; 2:2, 6, 12, 13, 14, 17, 21, 22; 3:9, 10, 15, 21; 4:9, 10, 26, 27; 6:3, 9, 12
Phil 1:13; 2:10, 15; 3:20
Col 1:5, 6, 16, 20, 23; 2:8, 20; 3:1, 2, 5; 4:1, 3, 15
1Thess 1:8, 10; 2:16; 4:16, 17
2Thess 1:7; 2:4
1Tim 1:15; 3:15, 16; 5:4, 13, 14; 6:7, 17
2Tim 1:9; 2:20; 4:10
Titus 1:2, 5; 2:5, 12
Phlm 1:2, 22
Heb 1:2, 3, 6, 8, 10, 13; 2:6; 3:2, 3, 4, 5, 6, 8, 10, 17; 4:3, 4, 5, 14, 16; 5:6; 6:5, 7; 7:13, 25, 26; 8:1, 2, 4, 5, 7, 9; 9:1, 2, 3, 6, 8, 11, 12, 21, 23, 24, 25, 26; 10:5, 12, 21, 22, 34; 11:3, 7, 8, 9, 10, 12, 13, 14, 15, 16, 29, 30, 38; 12:2, 13, 17, 18, 20, 22, 23, 25, 26; 13:10, 11, 12, 13, 14
Jas 1:6, 8, 11, 27; 2:3, 5, 6, 21, 25; 3:4, 6, 7, 11, 12; 4:4, 13; 5:4, 5, 7, 9, 12, 17, 18
1Pet 1:4, 12, 20; 2:5; 3:19, 20, 22; 5:9
2Pet 1:4, 9, 13, 14, 18, 19; 2:2, 4, 5, 6, 17, 20; 3:5, 6, 7, 10, 12, 13
1John 2:2, 15, 16, 17; 3:1, 13, 17; 4:1, 3, 4, 5, 9, 14, 17; 5:4, 5, 7, 8, 19
2John 1:7, 10
Jude 1:5, 6, 7, 13
Rev 1:4, 5, 7, 9, 15, 16, 17, 18, 20; 2:1, 7, 9, 10, 13, 22, 28; 3:1, 8, 9, 10, 12, 20, 21; 4:1, 2, 3, 4, 5, 6, 9, 10; 5:1, 3, 6, 7, 10, 11, 13; 6:4, 8, 9, 10, 12, 13, 14, 15, 16; 7:1, 2, 3, 9, 10, 11, 15, 16, 17; 8:1, 3, 5, 7, 8, 9, 10, 11, 12, 13; 9:1, 2, 3, 4, 11, 13, 14; 10:1, 2, 4, 5, 6, 8; 11:1, 2, 4, 6, 7, 8, 9, 10, 12, 13, 15, 18, 19; 12:1, 3, 4, 5, 6, 7, 8, 9, 10, 12, 13, 14, 16; 13:1, 3, 6, 8, 11, 12, 13, 14, 16; 14:1, 2, 3, 5, 6, 7, 8, 13, 14, 15, 16, 17, 18, 19, 20; 15:1, 2, 3, 5, 6, 8; 16:1, 2, 3, 4, 5, 7, 8, 11, 12, 14, 16, 17, 18, 19, 20, 21; 17:1, 2, 3, 5, 8, 9, 15, 18; 18:1, 2, 3, 4, 5, 9, 10, 11, 15, 16, 17, 18, 19, 20, 21, 23, 24; 19:1, 2, 4, 5, 6, 11, 14, 15, 17, 19, 20; 20:1, 3, 4, 7, 8, 9, 10, 11, 13, 14, 15; 21:1, 2, 3, 5, 6, 8, 10, 12, 13, 14, 15, 16, 17, 18, 19, 21, 22, 23, 24, 25; 22:1, 2, 3, 5, 14, 16, 19
