# Every verse containing God the Father (#7a36bf) - 12,148 verses
# Format: Book chapter:verse, verse; chapter:verse ...  (verse 0 = psalm title)

Gen 1:1, 2, 3, 4, 5, 6, 7, 8, 9, 10, 11, 12, 14, 16, 17, 18, 20, 21, 22, 24, 25, 26, 27, 28, 29, 30, 31; 2:2, 3, 4, 5, 7, 8, 9, 15, 16, 18, 19, 21, 22; 3:1, 3, 5, 8, 9, 10, 11, 12, 13, 14, 15, 16, 17, 21, 22, 23, 24; 4:1, 3, 4, 6, 9, 10, 13, 15, 16, 25, 26; 5:1, 2, 22, 24, 29; 6:2, 3, 4, 5, 6, 7, 8, 9, 11, 12, 13, 17, 18, 22; 7:1, 4, 5, 9, 16; 8:1, 15, 20, 21; 9:1, 3, 5, 6, 8, 9, 11, 12, 13, 14, 15, 16, 17, 26, 27; 10:9; 11:5, 6, 7, 8, 9; 12:1, 2, 3, 4, 7, 8, 17; 13:4, 10, 13, 14, 15, 16, 17, 18; 14:18, 19, 20, 22; 15:1, 2, 3, 4, 5, 6, 7, 8, 9, 10, 13, 14, 18; 16:2, 5, 7, 9, 10, 11, 13; 17:1, 2, 3, 4, 5, 6, 7, 8, 9, 10, 11, 13, 14, 15, 16, 18, 19, 20, 21, 22, 23; 18:1, 2, 3, 4, 5, 8, 9, 10, 13, 14, 15, 17, 19, 20, 21, 22, 23, 24, 25, 26, 27, 28, 29, 30, 31, 32, 33; 19:13, 14, 16, 24, 25, 27, 29; 20:3, 4, 6, 11, 13, 17, 18; 21:1, 2, 4, 6, 12, 13, 17, 19, 20, 22, 23, 33; 22:1, 2, 3, 8, 9, 11, 12, 14, 15, 16; 24:1, 3, 7, 12, 14, 21, 26, 27, 31, 35, 40, 42, 44, 48, 50, 51, 52, 56; 25:11, 21, 22, 23; 26:2, 3, 4, 5, 12, 22, 24, 25, 28, 29; 27:7, 20, 27, 28; 28:3, 4, 12, 13, 15, 16, 17, 20, 21, 22; 29:31, 32, 33, 35; 30:2, 6, 17, 18, 20, 22, 23, 24, 27, 30; 31:3, 5, 7, 9, 11, 13, 16, 24, 29, 42, 49, 50, 53; 32:1, 2, 9, 10, 11, 12, 24, 25, 26, 27, 28, 29, 30, 32; 33:5, 10, 11; 35:1, 3, 5, 7, 9, 10, 11, 12, 13, 14, 15; 38:7, 10; 39:2, 3, 5, 9, 21, 23; 40:8; 41:16, 25, 28, 32, 38, 39, 51, 52; 42:18, 28; 43:14, 23, 29; 44:7, 16, 17; 45:5, 7, 8, 9; 46:1, 2, 3, 4; 48:3, 4, 9, 11, 15, 20, 21; 49:18, 24, 25; 50:17, 19, 20, 24, 25
Exod 1:17, 20, 21; 2:23, 24, 25; 3:1, 2, 4, 5, 6, 7, 8, 9, 10, 11, 12, 13, 14, 15, 16, 17, 18, 19, 20, 21; 4:1, 2, 3, 4, 5, 6, 7, 10, 11, 12, 13, 14, 15, 16, 19, 20, 21, 22, 23, 24, 27, 28, 30, 31; 5:1, 2, 3, 8, 17, 21, 22, 23; 6:1, 2, 3, 4, 5, 6, 7, 8, 10, 12, 13, 26, 28, 29, 30; 7:1, 2, 3, 4, 5, 6, 8, 10, 13, 14, 16, 17, 19, 20, 22, 25; 8:1, 2, 5, 8, 10, 12, 13, 15, 16, 19, 20, 21, 22, 23, 24, 25, 26, 27, 28, 29, 30, 31; 9:1, 3, 4, 5, 6, 8, 12, 13, 14, 15, 16, 17, 18, 20, 21, 22, 23, 27, 28, 29, 30, 33, 35; 10:1, 2, 3, 4, 7, 8, 9, 10, 11, 12, 13, 16, 17, 18, 19, 20, 21, 24, 25, 26, 27; 11:1, 3, 4, 7, 8, 9, 10; 12:1, 11, 12, 13, 14, 17, 23, 25, 27, 28, 29, 31, 36, 41, 42, 43, 48, 50, 51; 13:1, 2, 3, 5, 6, 8, 9, 11, 12, 14, 15, 16, 17, 18, 19, 21, 22; 14:1, 4, 8, 10, 13, 14, 15, 17, 18, 19, 21, 24, 25, 26, 27, 30, 31; 15:1, 2, 3, 4, 6, 7, 8, 10, 11, 12, 13, 16, 17, 18, 19, 21, 25, 26; 16:3, 4, 6, 7, 8, 9, 10, 11, 12, 15, 16, 23, 25, 28, 29, 32, 33, 34; 17:1, 2, 4, 5, 6, 7, 9, 14, 15, 16; 18:1, 4, 5, 8, 9, 10, 11, 12, 15, 16, 19, 21, 23; 19:3, 4, 5, 6, 7, 8, 9, 10, 11, 17, 18, 19, 20, 21, 22, 23, 24; 20:1, 2, 3, 5, 6, 7, 10, 11, 12, 19, 20, 21, 22, 23, 24, 25, 26; 21:13, 14; 22:11, 20, 23, 24, 25, 27, 29, 30, 31; 23:7, 13, 14, 15, 17, 18, 19, 20, 21, 22, 23, 25, 26, 27, 28, 29, 30, 31, 33; 24:1, 2, 3, 4, 5, 7, 8, 10, 11, 12, 13, 16, 17; 25:1, 2, 8, 9, 16, 21, 22, 30; 27:21; 28:1, 3, 4, 12, 29, 30, 35, 36, 38, 41; 29:1, 11, 18, 23, 24, 25, 26, 28, 35, 41, 42, 43, 44, 45, 46; 30:6, 8, 10, 11, 12, 13, 14, 15, 16, 17, 20, 22, 30, 31, 34, 36, 37; 31:1, 2, 3, 6, 11, 12, 13, 15, 17, 18; 32:5, 7, 8, 9, 10, 11, 12, 13, 14, 16, 26, 27, 29, 30, 31, 32, 33, 34, 35; 33:1, 2, 3, 5, 7, 9, 11, 12, 13, 14, 15, 16, 17, 18, 19, 20, 21, 22, 23; 34:1, 2, 4, 5, 6, 9, 10, 11, 14, 18, 19, 20, 23, 24, 25, 26, 27, 28, 29, 32, 34; 35:1, 2, 4, 5, 10, 21, 22, 24, 29, 30, 31, 34, 35; 36:1, 2, 5; 38:22; 39:1, 5, 7, 21, 26, 29, 30, 31, 32, 42, 43; 40:1, 13, 15, 16, 19, 21, 23, 25, 27, 29, 32, 34, 35, 38
Lev 1:1, 2, 3, 5, 9, 11, 13, 14, 17; 2:1, 2, 3, 8, 9, 10, 11, 12, 13, 14, 16; 3:1, 3, 5, 6, 7, 9, 11, 12, 14, 16; 4:1, 2, 3, 4, 6, 7, 13, 15, 17, 18, 22, 24, 27, 31, 35; 5:6, 7, 12, 14, 15, 17, 19; 6:1, 2, 6, 7, 8, 14, 15, 17, 18, 19, 20, 21, 22, 24, 25; 7:5, 11, 14, 20, 21, 22, 25, 28, 29, 30, 34, 35, 36, 38; 8:1, 4, 5, 9, 13, 17, 21, 26, 27, 28, 29, 34, 35, 36; 9:2, 4, 5, 6, 7, 10, 21, 23, 24; 10:1, 2, 3, 6, 7, 8, 11, 12, 13, 15, 17, 19; 11:1, 44, 45; 12:1, 7; 13:1; 14:1, 11, 12, 16, 18, 23, 24, 27, 29, 31, 33, 34; 15:1, 14, 15, 30, 31; 16:1, 2, 7, 8, 9, 10, 12, 13, 18, 30, 34; 17:1, 2, 4, 5, 6, 9, 10, 11, 12, 14; 18:1, 2, 3, 4, 5, 6, 21, 24, 25, 26, 30; 19:1, 2, 3, 4, 5, 8, 10, 12, 14, 16, 18, 19, 21, 22, 24, 25, 28, 30, 31, 32, 34, 36, 37; 20:1, 3, 5, 6, 7, 8, 22, 23, 24, 25, 26; 21:1, 6, 7, 8, 12, 15, 16, 17, 21, 22, 23; 22:1, 2, 3, 8, 9, 15, 16, 17, 18, 21, 22, 24, 25, 26, 27, 29, 30, 31, 32, 33; 23:1, 2, 3, 4, 5, 6, 8, 9, 10, 11, 12, 13, 14, 16, 17, 18, 20, 22, 23, 25, 26, 27, 28, 30, 33, 34, 36, 37, 38, 39, 40, 41, 43, 44; 24:1, 3, 4, 6, 7, 8, 9, 11, 12, 13, 15, 16, 22, 23; 25:1, 2, 4, 17, 18, 21, 23, 36, 38, 42, 43, 55; 26:1, 2, 3, 4, 6, 9, 11, 12, 13, 14, 15, 16, 17, 18, 19, 21, 22, 23, 24, 25, 26, 27, 28, 30, 31, 32, 33, 36, 40, 42, 43, 44, 45, 46; 27:1, 2, 9, 11, 14, 16, 21, 22, 23, 26, 28, 30, 32, 34
Num 1:1, 19, 48, 54; 2:1, 33, 34; 3:1, 4, 5, 11, 12, 13, 14, 16, 39, 40, 41, 42, 44, 45, 51; 4:1, 17, 21, 37, 41, 45, 49; 5:1, 3, 4, 5, 6, 8, 11, 16, 18, 21, 25, 30; 6:1, 2, 5, 6, 7, 8, 12, 14, 16, 17, 20, 21, 22, 24, 25, 26, 27; 7:3, 4, 11; 8:1, 3, 4, 5, 10, 11, 12, 13, 14, 16, 17, 18, 19, 20, 21, 22, 23; 9:1, 5, 7, 8, 9, 10, 13, 14, 18, 19, 20, 23; 10:1, 9, 10, 13, 29, 32, 33, 34, 35, 36; 11:1, 2, 3, 10, 11, 12, 15, 16, 17, 18, 20, 21, 23, 24, 25, 29, 31, 33; 12:2, 4, 5, 6, 7, 8, 9, 13, 14; 13:1, 2, 3; 14:2, 3, 8, 9, 10, 11, 12, 13, 14, 15, 16, 17, 18, 19, 20, 21, 22, 23, 24, 26, 27, 28, 29, 30, 31, 34, 35, 37, 40, 41, 42, 43, 44; 15:1, 2, 3, 4, 7, 8, 10, 13, 14, 15, 17, 18, 19, 21, 22, 23, 24, 25, 28, 30, 31, 35, 36, 37, 39, 40, 41; 16:3, 5, 7, 9, 10, 11, 15, 16, 17, 19, 20, 21, 22, 23, 28, 29, 30, 35, 36, 38, 40, 41, 42, 44, 45, 46; 17:1, 4, 5, 7, 9, 10, 11, 13; 18:1, 6, 7, 8, 9, 11, 12, 13, 15, 17, 19, 20, 21, 24, 25, 26, 28, 29; 19:1, 2, 13, 20; 20:3, 4, 6, 7, 9, 12, 13, 16, 23, 24, 27; 21:2, 3, 5, 6, 7, 8, 14, 16, 34; 22:8, 9, 10, 12, 13, 18, 19, 20, 22, 23, 24, 25, 26, 27, 28, 31, 32, 34, 35, 38; 23:3, 4, 5, 8, 12, 15, 16, 17, 19, 20, 21, 22, 23, 26, 27; 24:1, 2, 4, 6, 8, 11, 13, 16, 17, 18, 23; 25:3, 4, 10, 11, 12, 13, 16; 26:1, 4, 9, 52, 61, 65; 27:3, 5, 6, 11, 12, 14, 15, 16, 17, 18, 21, 22, 23; 28:1, 2, 3, 6, 7, 8, 11, 13, 15, 16, 19, 24, 26, 27; 29:2, 6, 8, 12, 13, 36, 39, 40; 30:1, 2, 3, 5, 8, 12, 16; 31:1, 3, 7, 16, 21, 25, 28, 29, 30, 31, 37, 38, 39, 40, 41, 47, 50, 52, 54; 32:4, 7, 9, 10, 11, 12, 13, 14, 15, 20, 21, 22, 23, 27, 29, 31, 32; 33:2, 4, 38, 50, 53, 56; 34:1, 13, 16, 29; 35:1, 9, 34; 36:2, 5, 6, 10, 13
Deut 1:3, 6, 8, 10, 11, 17, 19, 20, 21, 25, 26, 27, 30, 31, 32, 33, 34, 35, 36, 37, 39, 41, 42, 43, 45; 2:1, 2, 5, 7, 9, 12, 14, 15, 17, 19, 21, 22, 24, 25, 29, 30, 31, 33, 36, 37; 3:2, 3, 18, 20, 21, 22, 23, 24, 25, 26; 4:1, 2, 3, 4, 5, 7, 10, 12, 13, 14, 15, 19, 20, 21, 23, 24, 25, 27, 29, 30, 31, 32, 33, 34, 35, 36, 37, 39, 40; 5:2, 3, 4, 5, 6, 7, 9, 10, 11, 12, 14, 15, 16, 22, 24, 25, 26, 27, 28, 29, 31, 32, 33; 6:1, 2, 3, 4, 5, 10, 12, 13, 15, 16, 17, 18, 19, 20, 21, 22, 23, 24, 25; 7:1, 2, 4, 6, 7, 8, 9, 10, 12, 13, 15, 16, 18, 19, 20, 21, 22, 23, 24, 25; 8:1, 2, 3, 5, 6, 7, 10, 11, 14, 15, 16, 18, 19, 20; 9:3, 4, 5, 6, 7, 8, 9, 10, 11, 12, 13, 14, 16, 18, 19, 20, 22, 23, 24, 25, 26, 27, 28, 29; 10:1, 2, 4, 5, 8, 9, 10, 11, 12, 13, 14, 15, 17, 18, 20, 21, 22; 11:1, 2, 3, 4, 5, 6, 7, 9, 12, 13, 14, 15, 17, 21, 22, 23, 25, 27, 28, 29, 31; 12:1, 4, 5, 7, 9, 10, 11, 12, 14, 15, 18, 20, 21, 25, 26, 27, 28, 29, 31; 13:3, 4, 5, 10, 12, 16, 17, 18; 14:1, 2, 21, 23, 24, 25, 26, 29; 15:2, 4, 5, 6, 7, 9, 10, 14, 15, 18, 19, 20, 21; 16:1, 2, 5, 6, 7, 8, 10, 11, 15, 16, 17, 18, 20, 21, 22; 17:1, 2, 8, 10, 12, 14, 15, 16, 19; 18:1, 2, 5, 6, 7, 9, 12, 13, 14, 15, 16, 17, 18, 19, 20, 21, 22; 19:1, 2, 3, 8, 9, 10, 14, 17; 20:1, 4, 13, 14, 16, 17, 18; 21:1, 5, 8, 9, 10, 23; 22:5; 23:1, 2, 3, 5, 8, 14, 18, 20, 21, 23; 24:4, 9, 13, 15, 18, 19; 25:15, 16, 18, 19; 26:1, 2, 3, 4, 5, 7, 8, 9, 10, 11, 13, 14, 15, 16, 17, 18, 19; 27:2, 3, 5, 6, 7, 9, 10, 15; 28:1, 2, 7, 8, 9, 10, 11, 12, 13, 15, 20, 21, 22, 24, 25, 27, 28, 35, 36, 37, 45, 47, 48, 49, 52, 53, 58, 59, 60, 61, 62, 63, 64, 65, 67, 68; 29:1, 2, 4, 5, 6, 10, 12, 13, 15, 18, 20, 21, 22, 23, 24, 25, 26, 27, 28, 29; 30:1, 2, 3, 4, 5, 6, 7, 8, 9, 10, 16, 20; 31:2, 3, 4, 5, 6, 7, 8, 9, 11, 12, 13, 14, 15, 16, 17, 18, 19, 20, 21, 23, 25, 26, 27, 29; 32:3, 4, 6, 8, 9, 10, 12, 13, 15, 16, 17, 18, 19, 20, 21, 22, 23, 24, 26, 27, 30, 31, 34, 35, 36, 37, 39, 40, 41, 42, 43, 48, 49, 51, 52; 33:1, 2, 3, 5, 7, 11, 12, 13, 21, 23, 26, 27, 29; 34:1, 4, 5, 6, 9, 10, 11
Josh 1:1, 2, 3, 5, 6, 7, 9, 11, 13, 15, 17; 2:9, 10, 11, 12, 14, 24; 3:3, 5, 7, 9, 10, 11, 13, 17; 4:1, 5, 7, 8, 10, 11, 13, 14, 15, 18, 23, 24; 5:1, 2, 6, 7, 9, 13, 14, 15; 6:2, 6, 7, 8, 11, 12, 13, 16, 17, 19, 24, 26, 27; 7:1, 6, 7, 8, 9, 10, 11, 12, 13, 14, 15, 19, 20, 23, 25, 26; 8:1, 7, 8, 18, 27, 30, 31, 33; 9:9, 10, 14, 18, 19, 23, 24, 27; 10:8, 10, 11, 12, 14, 19, 25, 30, 32, 40, 42; 11:6, 8, 9, 12, 15, 20, 23; 12:6; 13:1, 6, 8, 14, 33; 14:2, 5, 6, 7, 8, 9, 10, 12, 14; 15:13; 17:4, 14; 18:3, 6, 7, 8, 10; 19:50, 51; 20:1, 2; 21:2, 3, 8, 43, 44, 45; 22:2, 3, 4, 5, 9, 16, 17, 18, 19, 22, 23, 24, 25, 27, 28, 29, 31, 33, 34; 23:1, 3, 5, 8, 9, 10, 11, 13, 14, 15, 16; 24:1, 2, 3, 4, 5, 6, 7, 8, 10, 11, 12, 13, 14, 15, 16, 17, 18, 19, 20, 21, 22, 23, 24, 26, 27, 29, 31
Judg 1:1, 2, 4, 7, 19, 22; 2:1, 4, 5, 7, 8, 10, 11, 12, 13, 14, 15, 16, 17, 18, 20, 21, 22, 23; 3:1, 4, 7, 8, 9, 10, 12, 15, 20, 28; 4:1, 2, 3, 6, 7, 9, 14, 15, 23; 5:2, 3, 4, 5, 9, 11, 13, 23, 31; 6:1, 6, 7, 8, 9, 10, 11, 12, 13, 14, 15, 16, 17, 18, 20, 21, 22, 23, 24, 25, 26, 27, 34, 36, 37, 39, 40; 7:2, 4, 5, 7, 9, 14, 15, 18, 20, 22; 8:3, 7, 19, 23, 34, 35; 9:7, 9, 13, 23, 29, 56, 57; 10:6, 7, 10, 11, 12, 13, 15, 16; 11:9, 10, 11, 21, 23, 24, 27, 29, 30, 31, 32, 35, 36; 12:3; 13:1, 3, 5, 6, 7, 8, 9, 13, 15, 16, 17, 18, 19, 20, 21, 22, 23, 24, 25; 14:4, 6, 19; 15:14, 18, 19; 16:17, 20, 28; 17:2, 3, 13; 18:5, 6, 10, 31; 19:18; 20:1, 2, 18, 23, 26, 27, 28, 31, 35; 21:2, 3, 5, 7, 8, 15, 19
Ruth 1:6, 8, 9, 13, 16, 17, 20, 21; 2:4, 12, 20; 3:10, 13; 4:11, 12, 13, 14
1Sam 1:3, 5, 6, 7, 9, 10, 11, 12, 15, 17, 19, 20, 21, 22, 23, 24, 26, 27, 28; 2:1, 2, 3, 6, 7, 8, 9, 10, 11, 12, 17, 18, 20, 21, 24, 25, 26, 27, 28, 29, 30, 31, 32, 33, 35; 3:1, 3, 4, 6, 7, 8, 9, 10, 11, 12, 13, 14, 15, 17, 18, 19, 20, 21; 4:3, 4, 5, 6, 7, 8, 11, 13, 17, 18, 19, 21, 22; 5:1, 2, 3, 4, 6, 7, 8, 9, 10, 11; 6:1, 2, 3, 4, 5, 6, 8, 11, 14, 15, 17, 18, 19, 20, 21; 7:1, 2, 3, 4, 5, 6, 8, 9, 10, 12, 13, 17; 8:6, 7, 8, 10, 18, 21, 22; 9:6, 7, 8, 9, 10, 15, 16, 17, 27; 10:1, 3, 5, 6, 7, 9, 10, 17, 18, 19, 22, 24, 25, 26; 11:6, 7, 13, 15; 12:3, 5, 6, 7, 8, 9, 10, 11, 12, 13, 14, 15, 16, 17, 18, 19, 20, 22, 23, 24; 13:12, 13, 14; 14:3, 6, 10, 12, 18, 23, 33, 34, 35, 36, 37, 39, 41, 44, 45; 15:1, 2, 10, 11, 13, 15, 16, 17, 18, 19, 20, 21, 22, 23, 24, 25, 26, 28, 29, 30, 31, 33, 35; 16:1, 2, 3, 4, 5, 6, 7, 8, 9, 10, 12, 13, 14, 15, 16, 18, 23; 17:26, 36, 37, 45, 46, 47; 18:10, 12, 14, 17, 28; 19:5, 6, 9, 20, 23; 20:2, 3, 8, 12, 13, 14, 15, 16, 21, 22, 23, 42; 21:6, 7; 22:3, 10, 13, 15, 17, 21; 23:2, 4, 7, 10, 11, 12, 14, 16, 18, 21; 24:4, 6, 10, 12, 15, 18, 19, 21; 25:22, 26, 28, 29, 30, 31, 32, 34, 38, 39; 26:8, 9, 10, 11, 12, 16, 19, 20, 23, 24; 28:6, 10, 15, 16, 17, 18, 19; 29:6, 9; 30:6, 8, 15, 23, 26
2Sam 1:12, 14, 16; 2:1, 5, 6, 27; 3:9, 18, 28, 35, 39; 4:8, 9; 5:2, 3, 10, 12, 19, 20, 23, 24, 25; 6:2, 3, 4, 5, 6, 7, 8, 9, 10, 11, 12, 13, 14, 15, 16, 17, 18, 21; 7:1, 2, 3, 4, 5, 6, 7, 8, 9, 10, 11, 12, 13, 14, 15, 18, 19, 20, 21, 22, 23, 24, 25, 26, 27, 28, 29; 8:6, 11, 14; 9:3; 10:12; 11:27; 12:1, 5, 7, 8, 9, 10, 11, 12, 13, 14, 15, 16, 20, 22, 24, 25; 14:11, 13, 14, 16, 17, 20; 15:7, 8, 21, 24, 25, 26, 29, 31, 32; 16:8, 10, 11, 12, 16, 18, 23; 17:14; 18:19, 28, 31, 33; 19:7, 13, 21, 27; 20:19; 21:1, 3, 6, 7, 9, 14; 22:1, 2, 3, 4, 7, 8, 9, 10, 11, 12, 13, 14, 15, 16, 17, 18, 19, 20, 21, 22, 23, 24, 25, 26, 27, 28, 29, 30, 31, 32, 33, 34, 35, 36, 37, 40, 41, 42, 44, 47, 48, 49, 50, 51; 23:1, 2, 3, 5, 10, 12, 16, 17; 24:1, 3, 10, 11, 12, 13, 14, 15, 16, 17, 18, 19, 21, 23, 24, 25
1Kgs 1:17, 25, 29, 30, 34, 36, 37, 39, 47, 48; 2:3, 4, 8, 15, 23, 24, 26, 27, 28, 29, 30, 32, 33, 42, 43, 44, 45; 3:1, 2, 3, 5, 6, 7, 8, 9, 10, 11, 12, 13, 14, 15, 28; 4:29; 5:3, 4, 5, 7, 12; 6:1, 2, 11, 12, 13, 19, 37; 7:12, 40, 45, 48, 51; 8:1, 4, 6, 9, 10, 11, 12, 13, 15, 16, 17, 18, 19, 20, 21, 22, 23, 24, 25, 26, 27, 28, 29, 30, 31, 32, 33, 34, 35, 36, 38, 39, 40, 41, 42, 43, 44, 45, 46, 47, 48, 49, 50, 51, 52, 53, 54, 56, 57, 58, 59, 60, 61, 62, 63, 64, 65, 66; 9:1, 2, 3, 4, 5, 6, 7, 8, 9, 10, 15, 25; 10:1, 5, 9, 12, 24; 11:2, 4, 6, 9, 10, 11, 12, 13, 14, 23, 31, 32, 33, 34, 35, 36, 37, 38, 39; 12:15, 22, 24, 27; 13:1, 2, 3, 4, 5, 6, 7, 8, 9, 11, 12, 14, 17, 18, 20, 21, 22, 26, 29, 31, 32; 14:5, 7, 8, 9, 10, 11, 13, 14, 15, 16, 18, 21, 22, 24, 26, 28; 15:3, 4, 5, 11, 14, 15, 18, 26, 29, 30, 34; 16:1, 2, 3, 7, 12, 13, 19, 25, 26, 30, 33, 34; 17:1, 2, 4, 5, 8, 9, 12, 14, 16, 18, 20, 21, 22, 24; 18:1, 3, 4, 10, 12, 13, 15, 18, 21, 22, 24, 30, 31, 32, 36, 37, 38, 39, 46; 19:4, 7, 8, 9, 10, 11, 12, 14, 15, 18; 20:13, 14, 28, 35, 36, 42; 21:3, 10, 13, 17, 19, 20, 21, 22, 23, 25, 26, 28, 29; 22:5, 6, 7, 8, 11, 12, 14, 15, 16, 17, 19, 20, 21, 22, 23, 24, 28, 38, 43, 52, 53
2Kgs 1:3, 4, 6, 9, 10, 11, 12, 13, 15, 16, 17; 2:1, 2, 3, 4, 5, 6, 14, 16, 21, 24; 3:2, 10, 11, 12, 13, 14, 15, 16, 17, 18; 4:1, 7, 9, 16, 21, 22, 25, 27, 30, 33, 40, 42, 43, 44; 5:1, 3, 7, 8, 11, 14, 15, 16, 17, 18, 20; 6:6, 9, 10, 15, 17, 18, 20, 27, 31, 33; 7:1, 2, 6, 16, 17, 18, 19; 8:1, 2, 4, 7, 8, 10, 11, 13, 18, 19, 27; 9:3, 6, 7, 8, 9, 12, 25, 26, 36; 10:10, 16, 17, 23, 30, 31, 32; 11:3, 4, 7, 10, 12, 13, 15, 17, 18, 19; 12:2, 4, 9, 10, 11, 12, 13, 14, 16, 18; 13:2, 3, 4, 5, 11, 17, 19, 23; 14:3, 6, 14, 24, 25, 26, 27; 15:3, 5, 9, 12, 18, 24, 28, 34, 35, 37; 16:2, 3, 8, 14, 18; 17:2, 7, 8, 9, 11, 12, 13, 14, 15, 16, 17, 18, 19, 20, 21, 23, 25, 26, 27, 28, 32, 33, 34, 35, 36, 37, 38, 39, 41; 18:3, 5, 6, 7, 12, 15, 16, 22, 25, 30, 32, 35; 19:1, 4, 6, 7, 10, 14, 15, 16, 17, 19, 20, 21, 22, 23, 25, 27, 28, 31, 32, 33, 34, 35; 20:1, 2, 3, 4, 5, 6, 8, 9, 11, 16, 17, 19; 21:2, 4, 5, 6, 7, 8, 9, 10, 12, 13, 14, 15, 16, 20, 22; 22:2, 3, 4, 5, 8, 9, 13, 15, 16, 17, 18, 19, 20; 23:2, 3, 4, 6, 7, 9, 11, 12, 16, 17, 19, 21, 23, 24, 25, 26, 27, 32, 37; 24:2, 3, 4, 9, 13, 19, 20; 25:9, 13, 16
1Chr 2:3; 4:10; 5:20, 22, 25, 26; 6:15, 31, 32, 48, 49; 9:11, 13, 19, 20, 23, 26, 27; 10:13, 14; 11:2, 3, 9, 10, 14, 18, 19; 12:17, 18, 22, 23; 13:2, 3, 5, 6, 7, 8, 10, 11, 12, 14; 14:2, 10, 11, 14, 15, 16, 17; 15:1, 2, 3, 12, 13, 14, 15, 24, 25, 26, 28, 29; 16:1, 2, 4, 6, 7, 8, 9, 10, 11, 12, 13, 14, 15, 16, 18, 21, 22, 23, 24, 25, 26, 27, 28, 29, 30, 31, 33, 34, 35, 36, 37, 39, 40, 41, 42; 17:1, 2, 3, 4, 5, 6, 7, 8, 9, 10, 11, 12, 13, 14, 16, 17, 18, 19, 20, 21, 22, 23, 24, 25, 26, 27; 18:6, 11, 13; 19:13; 21:3, 7, 8, 9, 10, 11, 12, 13, 14, 15, 16, 17, 18, 19, 22, 24, 26, 27, 28, 29, 30; 22:1, 2, 5, 6, 7, 8, 9, 10, 11, 12, 13, 14, 16, 18, 19; 23:4, 5, 13, 14, 24, 25, 28, 30, 31, 32; 24:5, 19; 25:3, 5, 6, 7; 26:5, 12, 20, 22, 27, 30, 32; 27:23; 28:2, 3, 4, 5, 6, 7, 8, 9, 10, 12, 13, 18, 19, 20, 21; 29:1, 2, 3, 5, 7, 8, 9, 10, 11, 12, 13, 14, 15, 16, 17, 18, 19, 20, 21, 22, 23, 25
2Chr 1:1, 3, 4, 5, 6, 7, 8, 9, 10, 11, 12; 2:1, 4, 5, 6, 11, 12; 3:1, 3; 4:11, 16, 19; 5:1, 2, 7, 10, 13, 14; 6:1, 2, 4, 5, 6, 7, 8, 9, 10, 11, 12, 14, 15, 16, 17, 18, 19, 20, 21, 22, 23, 24, 25, 26, 27, 29, 30, 31, 32, 33, 34, 35, 36, 37, 38, 39, 40, 41, 42; 7:1, 2, 3, 4, 5, 6, 7, 10, 11, 12, 13, 14, 15, 16, 17, 18, 19, 20, 21, 22; 8:1, 11, 12, 14, 16; 9:4, 8, 11, 23; 10:15; 11:2, 4, 14, 16; 12:1, 2, 5, 6, 7, 8, 9, 11, 12, 13, 14; 13:5, 8, 9, 10, 11, 12, 14, 15, 16, 18, 20; 14:2, 4, 6, 7, 11, 12, 13, 14; 15:1, 2, 3, 4, 6, 8, 9, 11, 12, 13, 14, 15, 18; 16:2, 7, 8, 9, 12; 17:3, 4, 5, 6, 9, 10, 16; 18:4, 5, 6, 7, 10, 11, 13, 15, 16, 18, 19, 20, 21, 22, 23, 27, 31; 19:2, 3, 4, 6, 7, 8, 9, 10, 11; 20:3, 4, 5, 6, 7, 8, 9, 10, 11, 12, 13, 14, 15, 17, 18, 19, 20, 21, 22, 26, 27, 28, 29, 30, 32, 33, 37; 21:6, 7, 10, 12, 14, 16, 18; 22:4, 7, 9, 12; 23:3, 5, 6, 9, 11, 12, 14, 16, 18, 19, 20; 24:2, 4, 5, 6, 7, 8, 9, 12, 13, 14, 16, 18, 19, 20, 21, 22, 24, 27; 25:2, 4, 7, 8, 9, 15, 16, 20, 24, 27; 26:4, 5, 7, 16, 17, 18, 19, 20, 21; 27:2, 3, 6; 28:1, 3, 5, 6, 9, 10, 11, 13, 19, 21, 22, 24, 25; 29:2, 3, 5, 6, 7, 8, 10, 11, 15, 16, 17, 18, 19, 20, 21, 25, 27, 30, 31, 32, 35, 36; 30:1, 5, 6, 7, 8, 9, 12, 15, 16, 17, 18, 19, 20, 21, 22, 27; 31:2, 3, 4, 6, 8, 10, 11, 13, 14, 16, 20, 21; 32:8, 11, 14, 15, 16, 17, 19, 21, 22, 23, 24, 26, 29, 31; 33:2, 4, 5, 6, 7, 8, 9, 10, 11, 12, 13, 15, 16, 17, 18, 19, 22, 23; 34:2, 3, 8, 9, 10, 14, 15, 17, 21, 23, 24, 25, 26, 27, 28, 30, 31, 32, 33; 35:1, 2, 3, 6, 8, 12, 16, 21, 22, 26; 36:5, 7, 9, 10, 12, 13, 14, 15, 16, 17, 18, 19, 21, 22, 23
Ezra 1:1, 2, 3, 4, 5, 7; 2:68; 3:2, 3, 5, 6, 8, 9, 10, 11; 4:1, 2, 3, 24; 5:1, 2, 5, 8, 11, 12, 13, 14, 15, 16, 17; 6:3, 5, 7, 8, 9, 10, 12, 14, 16, 17, 18, 21, 22; 7:6, 9, 10, 11, 12, 14, 15, 16, 17, 18, 19, 20, 21, 23, 24, 25, 26, 27, 28; 8:17, 18, 21, 22, 23, 25, 28, 29, 30, 31, 33, 35, 36; 9:4, 5, 6, 8, 9, 10, 11, 13, 14, 15; 10:1, 2, 3, 6, 9, 11, 14
Neh 1:4, 5, 6, 7, 8, 9, 10, 11; 2:4, 8, 12, 18, 20; 3:5; 4:4, 5, 9, 14, 15, 20; 5:9, 13, 15, 19; 6:9, 10, 12, 14, 16; 7:2, 5; 8:1, 6, 8, 9, 10, 14, 16, 18; 9:3, 4, 5, 6, 7, 8, 10, 11, 12, 13, 14, 15, 16, 17, 19, 20, 21, 22, 23, 24, 25, 26, 27, 28, 29, 30, 31, 32, 33, 34, 35, 36, 37; 10:28, 29, 32, 33, 34, 35, 36, 37, 38, 39; 11:11, 16, 22; 12:24, 36, 40, 43, 45, 46; 13:1, 2, 4, 7, 9, 11, 14, 18, 22, 25, 26, 27, 29, 31
Job 1:1, 5, 6, 7, 8, 9, 10, 11, 12, 16, 21, 22; 2:1, 2, 3, 4, 5, 6, 7, 9, 10; 3:4, 23; 4:9, 17, 18; 5:8, 10, 12, 13, 15, 17, 18, 19, 20; 6:4, 8, 9, 10, 14; 8:3, 4, 5, 6, 13, 19, 20, 21; 9:2, 3, 4, 5, 11, 12, 13, 14, 16, 17, 18, 19, 22, 23, 24, 28, 31, 32, 33, 34, 35; 10:2, 3, 4, 5, 6, 7, 8, 9, 10, 11, 12, 13, 14, 15, 16, 17, 18; 11:5, 6, 7, 10, 11, 13; 12:4, 6, 9, 10, 12, 13, 14, 15, 16, 17, 18, 19, 20, 21, 22, 23, 24, 25; 13:3, 7, 8, 9, 10, 11, 15, 16, 20, 21, 22, 24, 25, 26, 27; 14:3, 5, 13, 15, 16, 17, 19, 20; 15:4, 8, 11, 13, 15, 25; 16:11, 20, 21; 17:3, 4; 18:21; 19:6, 8, 9, 10, 11, 12, 13, 21, 22, 25, 26, 27; 20:15, 23, 29; 21:9, 14, 15, 17, 19, 20, 22; 22:2, 3, 4, 12, 13, 14, 17, 18, 21, 22, 23, 25, 26, 27, 29, 30; 23:3, 4, 5, 6, 7, 8, 9, 10, 11, 12, 13, 14, 15, 16, 17; 24:1, 12; 25:2, 3, 4, 5; 26:6, 7, 8, 9, 10, 11, 12, 13, 14; 27:2, 3, 5, 8, 9, 10, 11, 13, 22; 28:9, 10, 11, 23, 24, 26, 27, 28; 29:2, 3, 4, 5; 30:19, 20, 21, 22, 23; 31:2, 4, 6, 14, 15, 23, 28, 35, 37; 32:2, 8, 13; 33:4, 6, 10, 11, 12, 13, 14, 16, 17, 18, 23, 24, 26, 27, 28, 29; 34:5, 9, 10, 11, 12, 14, 19, 21, 23, 24, 25, 26, 27, 28, 29, 31, 32, 33, 37; 35:2, 6, 7, 10, 11, 13, 14, 15; 36:2, 3, 5, 6, 7, 9, 10, 11, 13, 15, 16, 18, 19, 22, 23, 24, 26, 27, 29, 30, 31, 32; 37:2, 3, 4, 5, 6, 7, 10, 11, 12, 13, 14, 15, 16, 17, 18, 19, 20, 22, 23, 24; 38:1, 3, 4, 7, 9, 10, 23, 41; 39:6, 17; 40:1, 2, 3, 4, 6, 7, 8, 9, 14, 15, 19; 41:10, 11, 12; 42:1, 2, 4, 5, 7, 8, 9, 10, 11, 12
Ps 1:2, 6; 2:2, 4, 5, 6, 7, 8, 11, 12; 3:1, 2, 3, 4, 5, 7, 8; 4:1, 3, 5, 6, 7, 8; 5:1, 2, 3, 4, 5, 6, 7, 8, 10, 11, 12; 6:1, 2, 3, 4, 5, 8, 9; 7:0, 1, 3, 6, 7, 8, 9, 10, 11, 12, 13, 17; 8:1, 2, 3, 4, 5, 6, 9; 9:1, 2, 3, 4, 5, 7, 8, 9, 10, 11, 12, 13, 14, 16, 17, 19, 20; 10:1, 3, 4, 5, 11, 12, 13, 14, 15, 16, 17; 11:1, 4, 5, 6, 7; 12:1, 3, 5, 6, 7; 13:1, 3, 5, 6; 14:1, 2, 4, 5, 6, 7; 15:1, 4; 16:1, 2, 5, 7, 8, 10, 11; 17:1, 2, 3, 4, 5, 6, 7, 8, 13, 14, 15; 18:0, 1, 2, 3, 6, 7, 8, 9, 10, 11, 12, 13, 14, 15, 16, 17, 18, 19, 20, 21, 22, 23, 24, 25, 28, 29, 30, 31, 32, 33, 34, 35, 36, 39, 40, 41, 43, 46, 47, 48, 49, 50; 19:1, 4, 6, 7, 8, 9, 11, 12, 13, 14; 20:1, 5, 6, 7, 9; 21:1, 2, 3, 4, 5, 6, 7, 8, 9, 10, 11, 12, 13; 22:1, 2, 3, 4, 5, 8, 9, 10, 15, 19, 21, 22, 23, 24, 25, 26, 27, 28, 29, 30, 31; 23:1, 2, 3, 4, 5, 6; 24:1, 2, 3, 5, 6, 7, 8, 9, 10; 25:1, 2, 3, 4, 5, 6, 7, 8, 9, 10, 11, 12, 14, 15, 16, 17, 20, 21, 22; 26:1, 2, 3, 6, 7, 8, 12; 27:1, 4, 5, 6, 7, 8, 9, 10, 11, 13, 14; 28:1, 2, 5, 6, 7, 8, 9; 29:1, 2, 3, 4, 5, 6, 7, 8, 9, 10, 11; 30:1, 2, 3, 4, 5, 7, 8, 9, 10, 11, 12; 31:1, 2, 3, 4, 5, 6, 7, 8, 9, 14, 15, 16, 17, 19, 20, 21, 22, 23, 24; 32:2, 4, 5, 6, 7, 8, 10, 11; 33:1, 2, 3, 4, 5, 6, 7, 8, 9, 10, 11, 12, 13, 14, 15, 18, 20, 21, 22; 34:1, 2, 3, 4, 5, 6, 7, 8, 9, 10, 11, 15, 16, 17, 18, 19, 20, 22; 35:1, 5, 6, 9, 10, 17, 18, 22, 23, 24, 27, 28; 36:0, 1, 5, 6, 7, 8, 9, 10; 37:3, 4, 5, 6, 7, 9, 13, 17, 18, 20, 22, 23, 24, 28, 31, 33, 34, 39, 40; 38:1, 2, 3, 9, 15, 21, 22; 39:4, 5, 7, 9, 10, 11, 12; 40:1, 2, 3, 4, 5, 6, 8, 9, 10, 11, 13, 16, 17; 41:1, 2, 3, 4, 10, 11, 12, 13; 42:1, 2, 3, 4, 5, 6, 7, 8, 9, 10, 11; 43:1, 2, 3, 4, 5; 44:1, 2, 3, 4, 5, 7, 8, 9, 10, 11, 12, 13, 14, 17, 18, 19, 20, 21, 22, 23, 24, 26; 45:2, 6, 7, 11; 46:1, 4, 5, 7, 8, 9, 10, 11; 47:1, 2, 3, 4, 5, 6, 7, 8, 9; 48:1, 2, 3, 7, 8, 9, 10, 11, 14; 49:7, 15; 50:1, 2, 3, 4, 5, 6, 7, 8, 9, 10, 11, 12, 13, 14, 15, 16, 17, 21, 22, 23; 51:1, 4, 6, 8, 9, 10, 11, 12, 13, 14, 15, 16, 17, 18, 19; 52:1, 5, 7, 8, 9; 53:1, 2, 4, 5, 6; 54:1, 2, 3, 4, 5, 6, 7; 55:1, 9, 14, 16, 17, 18, 19, 22, 23; 56:1, 2, 3, 4, 7, 8, 9, 10, 11, 12, 13; 57:1, 2, 3, 5, 7, 9, 10, 11; 58:6, 9, 11; 59:1, 3, 5, 8, 9, 10, 11, 13, 16, 17; 60:1, 2, 3, 4, 5, 6, 7, 8, 10, 12; 61:1, 2, 3, 4, 5, 6, 7, 8; 62:1, 2, 5, 6, 7, 8, 11, 12; 63:1, 2, 3, 4, 5, 6, 7, 8, 11; 64:1, 7, 9, 10; 65:1, 2, 3, 4, 5, 6, 8, 9, 10, 11; 66:1, 2, 3, 4, 5, 6, 7, 8, 10, 11, 12, 13, 15, 16, 17, 18, 19, 20; 67:1, 2, 3, 4, 5, 6, 7; 68:1, 2, 3, 4, 5, 6, 7, 8, 9, 10, 11, 14, 15, 16, 17, 18, 19, 20, 21, 22, 24, 26, 28, 29, 30, 31, 32, 33, 34, 35; 69:1, 3, 5, 6, 7, 9, 13, 16, 17, 19, 24, 26, 27, 29, 30, 31, 32, 33, 34, 35, 36; 70:1, 4, 5; 71:1, 2, 3, 4, 5, 6, 7, 8, 11, 12, 14, 15, 16, 17, 18, 19, 20, 21, 22, 23, 24; 72:1, 2, 18, 19; 73:1, 10, 11, 17, 18, 20, 22, 23, 24, 25, 26, 27, 28; 74:1, 2, 3, 4, 7, 8, 10, 11, 12, 13, 14, 15, 16, 17, 18, 19, 21, 22, 23; 75:1, 2, 3, 4, 7, 8, 9, 10; 76:1, 2, 3, 4, 6, 7, 8, 9, 10, 11, 12; 77:1, 2, 3, 4, 7, 8, 9, 10, 11, 12, 13, 14, 15, 16, 17, 18, 19, 20; 78:4, 5, 7, 8, 10, 11, 12, 13, 14, 15, 16, 17, 18, 19, 20, 21, 22, 23, 25, 26, 27, 28, 29, 31, 32, 33, 34, 35, 36, 37, 38, 39, 40, 41, 42, 43, 45, 46, 47, 48, 49, 50, 52, 53, 54, 55, 56, 58, 59, 60, 61, 62, 65, 66, 67, 68, 69, 70, 71; 79:1, 2, 5, 6, 8, 9, 10, 11, 12, 13; 80:1, 2, 3, 4, 5, 6, 7, 8, 9, 12, 14, 15, 16, 17, 18, 19; 81:1, 4, 5, 6, 7, 8, 10, 11, 12, 13, 14, 15, 16; 82:1, 6, 8; 83:1, 2, 3, 5, 12, 13, 15, 16, 18; 84:1, 2, 3, 4, 5, 7, 8, 9, 10, 11, 12; 85:1, 2, 3, 4, 5, 6, 7, 8, 9, 12, 13; 86:1, 2, 3, 4, 5, 6, 7, 8, 9, 10, 11, 12, 13, 14, 15, 16, 17; 87:1, 2, 3, 4, 5, 6; 88:1, 2, 5, 6, 7, 8, 9, 10, 11, 12, 13, 14, 15, 16, 18; 89:1, 2, 3, 4, 5, 6, 7, 8, 9, 10, 11, 12, 13, 14, 15, 16, 17, 18, 19, 20, 21, 23, 24, 25, 26, 27, 28, 29, 30, 31, 32, 33, 34, 35, 36, 38, 39, 40, 42, 43, 44, 45, 46, 47, 49, 50, 51, 52; 90:0, 1, 2, 3, 4, 5, 7, 8, 9, 11, 13, 14, 15, 16, 17; 91:1, 2, 3, 4, 9, 11, 14, 15, 16; 92:1, 2, 4, 5, 8, 9, 10, 13, 15; 93:1, 2, 3, 4, 5; 94:1, 2, 3, 5, 7, 9, 10, 11, 12, 13, 14, 17, 18, 19, 20, 22, 23; 95:1, 2, 3, 4, 5, 6, 7, 9, 10, 11; 96:1, 2, 3, 4, 5, 6, 7, 8, 9, 10, 13; 97:1, 2, 3, 4, 5, 6, 7, 8, 9, 10, 12; 98:1, 2, 3, 4, 5, 6, 9; 99:1, 2, 3, 4, 5, 6, 7, 8, 9; 100:1, 2, 3, 4, 5; 101:1, 2, 8; 102:0, 1, 2, 10, 12, 13, 14, 15, 16, 17, 18, 19, 21, 22, 23, 24, 25, 26, 27, 28; 103:1, 2, 3, 4, 5, 6, 7, 8, 9, 10, 11, 12, 13, 14, 17, 18, 19, 20, 21, 22; 104:1, 2, 3, 4, 5, 6, 7, 8, 9, 10, 13, 14, 16, 19, 20, 21, 24, 26, 27, 28, 29, 30, 31, 32, 33, 34, 35; 105:1, 2, 3, 4, 5, 6, 7, 8, 9, 11, 14, 15, 16, 17, 19, 24, 25, 26, 27, 28, 29, 31, 32, 33, 34, 36, 37, 39, 40, 41, 42, 43, 45; 106:1, 2, 3, 4, 5, 7, 8, 9, 10, 12, 13, 14, 15, 16, 21, 23, 24, 25, 26, 29, 34, 40, 41, 43, 44, 45, 46, 47, 48; 107:1, 2, 6, 8, 11, 13, 15, 19, 21, 24, 28, 31, 43; 108:1, 3, 4, 5, 6, 7, 8, 9, 11, 13; 109:1, 6, 14, 15, 20, 21, 26, 27, 28, 30, 31; 110:1, 2, 3, 4, 5, 6, 7; 111:1, 2, 3, 4, 5, 6, 7, 9, 10; 112:1, 7; 113:1, 2, 3, 4, 5, 6, 7, 8, 9; 114:7; 115:1, 2, 3, 9, 10, 11, 12, 13, 14, 15, 16, 17, 18; 116:1, 2, 4, 5, 6, 7, 8, 9, 12, 13, 14, 15, 16, 17, 18, 19; 117:1, 2; 118:1, 2, 3, 4, 5, 6, 7, 8, 9, 10, 11, 12, 13, 14, 15, 16, 17, 18, 19, 20, 21, 23, 24, 25, 26, 27, 28, 29; 119:1, 2, 3, 4, 5, 6, 7, 8, 9, 10, 11, 12, 13, 14, 15, 16, 17, 18, 19, 20, 21, 22, 23, 24, 25, 26, 27, 28, 29, 30, 31, 32, 33, 34, 35, 36, 37, 38, 39, 40, 41, 42, 43, 44, 45, 46, 47, 48, 49, 50, 51, 52, 53, 54, 55, 56, 57, 58, 59, 60, 61, 62, 63, 64, 65, 66, 67, 68, 69, 70, 71, 72, 73, 74, 75, 76, 77, 78, 79, 80, 81, 82, 83, 84, 85, 86, 87, 88, 89, 90, 91, 92, 93, 94, 95, 96, 97, 98, 99, 100, 101, 102, 103, 104, 105, 106, 107, 108, 109, 110, 111, 112, 113, 114, 115, 116, 117, 118, 119, 120, 122, 123, 124, 125, 126, 127, 128, 129, 130, 131, 132, 133, 134, 135, 136, 137, 138, 139, 140, 141, 142, 143, 144, 145, 146, 147, 148, 149, 150, 151, 152, 153, 154, 155, 156, 157, 158, 159, 160, 161, 162, 163, 164, 165, 166, 167, 168, 169, 170, 171, 172, 173, 174, 175, 176; 120:1, 2; 121:2, 3, 4, 5, 7, 8; 122:1, 4, 9; 123:1, 2, 3; 124:1, 2, 6, 8; 125:1, 2, 4, 5; 126:1, 2, 3, 4; 127:1, 2, 3; 128:1, 4, 5; 129:4, 8; 130:1, 2, 3, 4, 5, 6, 7, 8; 131:1, 3; 132:1, 2, 5, 7, 8, 9, 10, 11, 12, 13, 14, 15, 16, 17, 18; 133:3; 134:1, 2, 3; 135:1, 2, 3, 4, 5, 6, 7, 8, 9, 10, 12, 13, 14, 19, 20, 21; 136:1, 2, 3, 4, 5, 6, 7, 8, 9, 10, 11, 12, 13, 14, 15, 16, 17, 18, 19, 20, 21, 22, 23, 24, 25, 26; 137:4, 7; 138:1, 2, 3, 4, 5, 6, 7, 8; 139:1, 2, 3, 4, 5, 7, 8, 10, 12, 13, 14, 15, 16, 17, 18, 19, 20, 21, 23; 140:1, 4, 6, 7, 8, 12, 13; 141:1, 2, 3, 8; 142:1, 2, 3, 5, 7; 143:1, 2, 5, 6, 7, 8, 9, 10, 11, 12; 144:1, 2, 3, 5, 6, 7, 9, 10, 15; 145:1, 2, 3, 4, 5, 6, 7, 8, 9, 10, 11, 12, 13, 14, 15, 16, 17, 18, 19, 20, 21; 146:1, 2, 5, 7, 8, 9, 10; 147:1, 2, 3, 4, 5, 6, 7, 8, 9, 10, 11, 12, 13, 14, 15, 16, 17, 18, 19, 20; 148:1, 2, 3, 4, 5, 6, 7, 8, 13, 14; 149:1, 2, 3, 4, 6, 9; 150:1, 2, 3, 4, 5, 6
Prov 1:7, 29; 2:5, 6, 7, 8, 17; 3:4, 5, 6, 7, 9, 11, 12, 19, 20, 26, 32, 33, 34; 5:21; 6:16; 8:13, 22, 26, 27, 28, 29, 30, 31, 35; 9:10; 10:3, 22, 27, 29; 11:1, 20; 12:2, 22; 14:2, 26, 27, 31; 15:3, 8, 9, 11, 16, 25, 26, 29, 33; 16:1, 2, 3, 4, 5, 6, 7, 9, 11, 20, 33; 17:3, 5, 15; 18:10, 22; 19:3, 14, 17, 21, 23; 20:10, 12, 22, 23, 24, 27; 21:1, 2, 3, 12, 30, 31; 22:2, 4, 12, 14, 19, 23; 23:17; 24:18, 21; 25:2, 22; 26:10; 28:5, 25; 29:13, 25, 26; 30:5, 6, 9; 31:30
Eccl 1:13; 2:24, 26; 3:10, 11, 13, 14, 15, 17, 18; 5:1, 2, 4, 6, 7, 18, 19, 20; 6:2; 7:13, 14, 18, 26, 29; 8:2, 12, 13, 15, 17; 9:1, 7, 9; 11:5, 9; 12:1, 7, 13, 14
Isa 1:2, 3, 4, 9, 10, 11, 12, 13, 14, 15, 16, 18, 20, 24, 25, 26, 28; 2:2, 3, 4, 5, 6, 10, 11, 12, 17, 18, 19, 21; 3:1, 4, 8, 12, 13, 14, 15, 16, 17, 18; 4:2, 4, 5; 5:1, 2, 3, 4, 5, 6, 7, 9, 12, 16, 19, 24, 25, 26; 6:1, 3, 5, 8, 9, 11, 12; 7:3, 7, 10, 11, 12, 13, 14, 15, 17, 18, 20, 22; 8:1, 3, 5, 7, 8, 10, 11, 13, 14, 16, 17, 18, 19, 21; 9:1, 3, 4, 6, 7, 8, 11, 12, 13, 14, 17, 19, 21; 10:2, 4, 5, 6, 12, 16, 17, 20, 21, 22, 23, 24, 25, 26, 33, 34; 11:2, 3, 4, 5, 9, 11, 12, 15, 16; 12:1, 2, 4, 5, 6; 13:3, 4, 5, 6, 9, 11, 12, 13, 17, 19; 14:1, 2, 3, 5, 13, 14, 22, 23, 24, 25, 27, 30, 32; 15:5, 9; 16:4, 9, 10, 11, 13, 14; 17:3, 6, 7, 10, 13; 18:4, 7; 19:1, 2, 3, 4, 12, 14, 16, 17, 18, 19, 20, 21, 22, 25; 20:2, 3; 21:6, 10, 16, 17; 22:5, 12, 14, 15, 17, 18, 19, 20, 21, 22, 23, 25; 23:9, 11, 12, 13, 17, 18; 24:1, 3, 14, 15, 21, 23; 25:1, 2, 3, 4, 5, 6, 7, 8, 9, 10, 11, 12; 26:1, 3, 4, 5, 7, 8, 9, 10, 11, 12, 13, 14, 15, 16, 17, 21; 27:1, 3, 4, 5, 6, 12, 13; 28:2, 5, 6, 12, 13, 14, 16, 17, 21, 22, 26, 29; 29:2, 3, 6, 10, 13, 14, 15, 19, 22, 23; 30:1, 2, 9, 11, 12, 14, 15, 18, 19, 20, 23, 26, 27, 28, 29, 30, 31, 32, 33; 31:1, 2, 3, 4, 5, 6, 9; 32:6; 33:2, 3, 4, 5, 6, 10, 13, 21, 22; 34:2, 5, 6, 8, 16, 17; 35:2, 4, 10; 36:7, 10, 15, 18, 20; 37:1, 4, 6, 7, 10, 14, 15, 16, 17, 18, 20, 21, 22, 23, 24, 26, 28, 29, 32, 33, 34, 35, 36; 38:1, 2, 3, 4, 5, 6, 7, 8, 11, 12, 13, 14, 15, 16, 17, 18, 19, 20, 22; 39:5, 6, 8; 40:1, 2, 3, 5, 7, 8, 9, 10, 11, 13, 14, 15, 17, 18, 22, 23, 24, 25, 26, 27, 28, 29, 31; 41:1, 4, 8, 9, 10, 13, 14, 15, 16, 17, 18, 19, 20, 21, 22, 23, 25, 26, 27, 28; 42:1, 2, 3, 4, 5, 6, 8, 9, 10, 12, 13, 14, 15, 16, 17, 19, 21, 24, 25; 43:1, 2, 3, 4, 5, 6, 7, 9, 10, 11, 12, 13, 14, 15, 16, 19, 20, 21, 22, 23, 24, 25, 26, 27, 28; 44:1, 2, 3, 5, 6, 7, 8, 21, 22, 23, 24, 26, 27, 28; 45:1, 2, 3, 4, 5, 6, 7, 8, 9, 11, 12, 13, 14, 15, 17, 18, 19, 21, 22, 23, 24, 25; 46:3, 4, 5, 9, 10, 11, 12, 13; 47:3, 4, 6; 48:1, 2, 3, 4, 5, 6, 8, 9, 10, 11, 12, 13, 14, 15, 16, 17, 18, 19, 20, 21, 22; 49:1, 2, 3, 4, 5, 6, 7, 8, 10, 11, 13, 14, 15, 16, 18, 22, 23, 25, 26; 50:1, 2, 3, 4, 5, 7, 8, 9, 10, 11; 51:1, 2, 3, 4, 5, 6, 7, 8, 9, 10, 11, 12, 13, 15, 16, 17, 20, 22, 23; 52:3, 4, 5, 6, 7, 8, 9, 10, 11, 12, 13, 14, 15; 53:1, 2, 3, 4, 5, 6, 7, 8, 9, 10, 11, 12; 54:1, 5, 6, 7, 8, 9, 10, 11, 12, 13, 15, 16, 17; 55:2, 3, 4, 5, 6, 7, 8, 9, 11, 13; 56:1, 3, 4, 5, 6, 7, 8; 57:6, 8, 11, 12, 13, 15, 16, 17, 18, 19, 21; 58:1, 2, 5, 6, 8, 9, 11, 13, 14; 59:1, 2, 12, 13, 15, 16, 17, 18, 19, 20, 21; 60:1, 2, 6, 7, 9, 10, 13, 14, 15, 16, 17, 19, 20, 21, 22; 61:1, 2, 3, 6, 8, 9, 10, 11; 62:2, 3, 4, 5, 6, 7, 8, 9, 11, 12; 63:1, 2, 3, 4, 5, 6, 7, 8, 9, 10, 11, 12, 14, 15, 16, 17, 18, 19; 64:1, 2, 3, 4, 5, 7, 8, 9, 10, 11, 12; 65:1, 2, 3, 5, 6, 7, 8, 9, 10, 11, 12, 13, 14, 15, 16, 17, 18, 19, 22, 23, 24, 25; 66:1, 2, 4, 5, 6, 9, 12, 13, 14, 15, 16, 17, 18, 19, 20, 21, 22, 23
Jer 1:2, 4, 5, 6, 7, 8, 9, 10, 11, 12, 13, 14, 15, 16, 17, 18, 19; 2:1, 2, 3, 4, 5, 6, 7, 8, 9, 11, 12, 13, 17, 19, 20, 21, 22, 27, 29, 30, 31, 32, 34, 35, 37; 3:1, 4, 5, 6, 7, 8, 10, 11, 12, 13, 14, 16, 17, 18, 19, 20, 21, 22, 23, 25; 4:1, 2, 3, 4, 6, 8, 9, 10, 11, 12, 13, 17, 22, 26, 27, 28; 5:1, 2, 3, 4, 5, 7, 9, 10, 11, 12, 14, 15, 18, 19, 22, 24, 26, 29, 31; 6:2, 6, 7, 8, 9, 10, 11, 12, 14, 15, 16, 17, 19, 20, 21, 22, 27, 30; 7:1, 2, 3, 4, 7, 10, 11, 12, 13, 14, 15, 16, 18, 19, 20, 21, 22, 23, 25, 26, 28, 29, 30, 31, 32, 34; 8:1, 3, 4, 6, 7, 8, 9, 10, 11, 12, 13, 14, 16, 17, 19; 9:3, 6, 7, 9, 11, 12, 13, 15, 16, 17, 18, 20, 22, 23, 24, 25; 10:1, 2, 6, 7, 10, 12, 13, 16, 18, 21, 23, 24, 25; 11:1, 3, 4, 5, 6, 7, 8, 9, 10, 11, 14, 15, 16, 17, 18, 20, 21, 22, 23; 12:1, 2, 3, 4, 7, 8, 9, 10, 11, 12, 13, 14, 15, 16, 17; 13:1, 2, 3, 5, 6, 8, 9, 10, 11, 12, 13, 14, 15, 16, 17, 24, 25, 26, 27; 14:1, 7, 8, 9, 10, 11, 12, 13, 14, 15, 16, 17, 18, 19, 20, 21, 22; 15:1, 2, 3, 4, 6, 7, 8, 9, 11, 13, 14, 15, 16, 17, 18, 19, 20, 21; 16:1, 3, 5, 9, 10, 11, 12, 13, 14, 15, 16, 17, 18, 19, 21; 17:3, 4, 5, 7, 10, 13, 14, 15, 16, 17, 19, 20, 21, 22, 24, 26, 27; 18:1, 2, 5, 6, 7, 8, 9, 10, 11, 13, 15, 17, 19, 20, 22, 23; 19:1, 2, 3, 4, 5, 6, 7, 8, 9, 11, 12, 14, 15; 20:1, 2, 3, 4, 5, 7, 8, 9, 11, 12, 13, 16; 21:1, 2, 4, 5, 6, 7, 8, 10, 11, 12, 13, 14; 22:1, 2, 3, 5, 6, 7, 8, 9, 11, 16, 18, 21, 24, 25, 26, 29, 30; 23:1, 2, 3, 4, 5, 6, 7, 8, 9, 11, 12, 13, 14, 15, 16, 17, 18, 19, 20, 21, 22, 23, 24, 25, 27, 28, 29, 30, 31, 32, 33, 34, 35, 36, 37, 38, 39, 40; 24:1, 3, 4, 5, 6, 7, 8, 9, 10; 25:3, 4, 5, 6, 7, 8, 9, 10, 12, 13, 14, 15, 16, 17, 27, 28, 29, 30, 31, 32, 33, 36, 37, 38; 26:1, 2, 3, 4, 5, 6, 7, 8, 9, 10, 12, 13, 15, 16, 18, 19, 20; 27:1, 2, 4, 5, 6, 8, 10, 11, 13, 15, 16, 18, 19, 21, 22; 28:1, 2, 3, 4, 5, 6, 9, 11, 12, 13, 14, 15, 16; 29:4, 7, 8, 9, 10, 11, 12, 13, 14, 15, 16, 17, 18, 19, 20, 21, 22, 23, 25, 26, 30, 31, 32; 30:1, 2, 3, 4, 5, 6, 8, 9, 10, 11, 12, 14, 15, 16, 17, 18, 19, 20, 21, 22, 23, 24; 31:1, 2, 3, 4, 6, 7, 8, 9, 10, 11, 12, 13, 14, 15, 16, 17, 18, 20, 22, 23, 25, 27, 28, 31, 32, 33, 34, 35, 36, 37, 38, 40; 32:1, 3, 5, 6, 8, 14, 15, 16, 17, 18, 19, 20, 22, 23, 24, 25, 26, 27, 28, 29, 30, 31, 32, 33, 34, 35, 36, 37, 38, 39, 40, 41, 42, 44; 33:1, 2, 3, 4, 5, 6, 7, 8, 9, 10, 11, 12, 13, 14, 15, 16, 17, 18, 19, 20, 21, 22, 23, 24, 25, 26; 34:1, 2, 4, 5, 8, 12, 13, 14, 15, 16, 17, 18, 20, 21, 22; 35:1, 2, 4, 12, 13, 14, 15, 16, 17, 18, 19; 36:1, 2, 3, 4, 5, 6, 7, 8, 9, 10, 11, 26, 27, 29, 30, 31; 37:2, 3, 6, 7, 9, 17; 38:2, 3, 14, 16, 17, 20, 21; 39:15, 16, 17, 18; 40:1, 2, 3; 41:5; 42:2, 3, 4, 5, 6, 7, 9, 10, 11, 12, 13, 15, 17, 18, 19, 20, 21; 43:1, 2, 4, 7, 8, 10, 12; 44:2, 3, 4, 6, 7, 8, 10, 11, 12, 13, 16, 21, 22, 23, 24, 25, 26, 27, 28, 29, 30; 45:2, 3, 4, 5; 46:1, 5, 10, 13, 15, 16, 18, 23, 25, 26, 27, 28; 47:1, 2, 4, 6, 7; 48:1, 2, 8, 10, 12, 15, 25, 26, 29, 30, 31, 32, 33, 35, 36, 38, 40, 42, 43, 44, 47; 49:1, 2, 5, 6, 7, 8, 10, 11, 12, 13, 14, 15, 16, 18, 19, 20, 22, 25, 26, 27, 28, 30, 31, 32, 34, 35, 36, 37, 38, 39; 50:1, 4, 5, 6, 7, 9, 10, 11, 13, 14, 15, 18, 19, 20, 21, 24, 25, 28, 29, 30, 31, 32, 33, 34, 35, 40, 44, 45; 51:1, 5, 6, 7, 10, 11, 12, 14, 15, 16, 19, 20, 21, 22, 23, 24, 25, 26, 29, 33, 36, 39, 40, 44, 45, 47, 48, 50, 51, 52, 53, 55, 56, 57, 58, 62; 52:2, 3, 13, 17, 20
Lam 1:5, 9, 10, 11, 12, 13, 14, 15, 17, 18, 20, 21, 22; 2:1, 2, 3, 4, 5, 6, 7, 8, 9, 17, 18, 19, 20, 21, 22; 3:1, 2, 3, 4, 5, 6, 7, 8, 9, 10, 11, 12, 13, 15, 16, 17, 18, 22, 23, 24, 25, 26, 31, 32, 33, 34, 35, 36, 37, 38, 40, 41, 42, 43, 44, 45, 50, 55, 56, 57, 58, 59, 60, 61, 64, 65, 66; 4:11, 16, 20, 22; 5:1, 19, 20, 21, 22
Ezek 1:1, 3, 24, 28; 2:1, 2, 3, 4, 7, 8, 10; 3:1, 2, 3, 4, 6, 7, 8, 9, 10, 11, 12, 14, 16, 17, 18, 20, 22, 23, 26, 27; 4:5, 6, 8, 13, 14, 15, 16; 5:2, 5, 6, 7, 8, 9, 10, 11, 12, 13, 14, 15, 16, 17; 6:1, 3, 4, 5, 7, 8, 9, 10, 11, 12, 13, 14; 7:1, 2, 3, 4, 5, 8, 9, 14, 19, 20, 21, 22, 24, 27; 8:1, 2, 3, 4, 5, 6, 7, 8, 9, 12, 13, 14, 15, 16, 17, 18; 9:1, 3, 4, 5, 6, 7, 8, 9, 10, 11; 10:2, 4, 5, 6, 18, 19, 20; 11:1, 2, 5, 7, 8, 9, 10, 11, 12, 13, 14, 15, 16, 17, 19, 20, 21, 22, 23, 24, 25; 12:1, 6, 8, 10, 11, 13, 14, 15, 16, 17, 19, 20, 21, 23, 25, 26, 28; 13:1, 2, 5, 6, 7, 8, 9, 10, 13, 14, 15, 16, 18, 19, 20, 21, 22, 23; 14:2, 3, 4, 5, 6, 7, 8, 9, 11, 12, 13, 14, 15, 16, 17, 18, 19, 20, 21, 22, 23; 15:1, 6, 7, 8; 16:1, 3, 6, 7, 8, 9, 10, 11, 12, 14, 17, 18, 19, 20, 21, 23, 26, 27, 30, 35, 36, 37, 38, 39, 41, 42, 43, 48, 50, 53, 58, 59, 60, 61, 62, 63; 17:1, 3, 9, 11, 16, 19, 20, 21, 22, 23, 24; 18:1, 3, 4, 9, 17, 19, 21, 23, 25, 29, 30, 32; 20:1, 2, 3, 5, 6, 7, 8, 9, 10, 11, 12, 13, 14, 15, 16, 17, 18, 19, 20, 21, 22, 23, 24, 25, 26, 27, 28, 29, 30, 31, 33, 34, 35, 36, 37, 38, 39, 40, 41, 42, 44, 45, 47, 48, 49; 21:1, 3, 4, 5, 7, 8, 9, 11, 12, 13, 15, 17, 18, 24, 26, 27, 28, 30, 31, 32; 22:1, 3, 4, 8, 12, 13, 14, 15, 16, 17, 18, 19, 20, 21, 22, 23, 26, 28, 30, 31; 23:1, 4, 5, 9, 13, 18, 22, 24, 25, 27, 28, 30, 31, 32, 34, 35, 36, 37, 38, 39, 41, 43, 46, 48, 49; 24:1, 3, 6, 8, 9, 13, 14, 15, 16, 20, 21, 22, 24, 25, 27; 25:1, 3, 4, 5, 6, 7, 8, 9, 11, 12, 13, 14, 15, 16, 17; 26:1, 3, 4, 5, 6, 7, 13, 14, 15, 19, 20, 21; 27:1, 3; 28:1, 2, 6, 7, 9, 10, 11, 12, 13, 14, 16, 17, 18, 20, 22, 23, 24, 25, 26; 29:1, 3, 4, 5, 6, 8, 9, 10, 12, 13, 14, 15, 16, 17, 19, 20, 21; 30:1, 2, 3, 6, 8, 9, 10, 12, 13, 14, 15, 16, 18, 19, 20, 21, 22, 23, 24, 25, 26; 31:1, 8, 9, 10, 11, 15, 16, 18; 32:1, 3, 4, 5, 6, 7, 8, 9, 10, 11, 12, 13, 14, 15, 16, 17, 31, 32; 33:1, 2, 6, 7, 8, 11, 13, 14, 17, 20, 22, 23, 25, 27, 28, 29, 30, 31; 34:1, 2, 6, 7, 8, 9, 10, 11, 12, 13, 14, 15, 16, 17, 19, 20, 22, 23, 24, 25, 26, 27, 29, 30, 31; 35:1, 3, 4, 6, 7, 8, 9, 10, 11, 12, 13, 14, 15; 36:1, 2, 3, 4, 5, 6, 7, 8, 9, 10, 11, 12, 13, 14, 15, 16, 17, 18, 19, 20, 21, 22, 23, 24, 25, 26, 27, 28, 29, 30, 32, 33, 36, 37, 38; 37:1, 3, 4, 5, 6, 9, 10, 11, 12, 13, 14, 15, 19, 21, 22, 23, 24, 25, 26, 27, 28; 38:1, 3, 4, 10, 14, 16, 17, 18, 19, 20, 21, 22, 23; 39:1, 2, 3, 4, 5, 6, 7, 8, 10, 11, 13, 17, 19, 20, 21, 22, 23, 24, 25, 26, 27, 28, 29; 40:1, 2, 3, 46; 41:22; 42:13; 43:2, 4, 5, 6, 7, 8, 9, 18, 19, 24, 27; 44:1, 2, 3, 4, 5, 6, 7, 8, 9, 10, 11, 12, 13, 14, 15, 16, 23, 24, 27, 28; 45:1, 4, 8, 9, 15, 18, 23; 46:1, 3, 4, 9, 12, 13, 14, 16, 18, 19, 20, 21, 24; 47:1, 2, 6, 8, 13, 14, 23; 48:9, 10, 11, 14, 29, 35
Dan 1:2, 9, 17; 2:18, 19, 20, 21, 22, 23, 28, 29, 37, 38, 44, 45, 47; 3:15, 17, 25, 26, 28, 29; 4:2, 3, 17, 24, 25, 32, 34, 35, 37; 5:3, 18, 19, 21, 23, 24, 26; 6:5, 7, 10, 11, 12, 16, 20, 22, 23, 26, 27; 7:9, 10, 13, 14, 18, 22, 25, 27; 9:2, 3, 4, 5, 6, 7, 8, 9, 10, 11, 12, 13, 14, 15, 16, 17, 18, 19, 20, 26, 27; 10:12; 11:32, 36, 37, 38; 12:8
Hos 1:1, 2, 4, 5, 6, 7, 9, 10; 2:2, 3, 4, 6, 8, 9, 10, 11, 12, 13, 14, 15, 16, 17, 18, 19, 20, 21, 23; 3:1, 5; 4:1, 5, 6, 7, 8, 9, 10, 12, 14, 15, 16; 5:2, 3, 4, 6, 7, 9, 10, 12, 14, 15; 6:1, 2, 3, 4, 5, 6, 7, 10, 11; 7:1, 2, 5, 7, 10, 12, 13, 14, 15, 16; 8:1, 2, 4, 5, 6, 10, 12, 13, 14; 9:1, 3, 4, 5, 8, 9, 10, 12, 13, 14, 15, 16, 17; 10:2, 3, 10, 11, 12; 11:1, 3, 4, 7, 8, 9, 10, 11, 12; 12:2, 3, 4, 5, 6, 9, 10, 13, 14; 13:4, 5, 6, 7, 8, 9, 10, 11, 14, 15, 16; 14:1, 2, 3, 4, 5, 9
Joel 1:1, 9, 13, 14, 15, 16, 19, 20; 2:1, 11, 12, 13, 14, 17, 18, 19, 20, 21, 23, 25, 26, 27, 28, 29, 30, 31, 32; 3:1, 2, 3, 4, 5, 7, 8, 10, 11, 12, 14, 16, 17, 18, 21
Amos 1:2, 3, 4, 5, 6, 7, 8, 9, 10, 11, 12, 13, 14, 15; 2:1, 2, 3, 4, 5, 6, 7, 9, 10, 11, 13, 16; 3:1, 2, 6, 7, 8, 10, 11, 12, 13, 14, 15; 4:1, 2, 3, 5, 6, 7, 8, 9, 10, 11, 12, 13; 5:1, 3, 4, 6, 8, 12, 14, 15, 16, 17, 18, 20, 21, 22, 23, 25, 27; 6:8, 10, 11, 14; 7:1, 2, 3, 4, 5, 6, 7, 8, 9, 15, 16, 17; 8:1, 2, 3, 7, 9, 10, 11, 12; 9:1, 2, 3, 4, 5, 6, 7, 8, 9, 10, 11, 12, 13, 14, 15
Obad 1:1, 2, 4, 8, 13, 15, 16, 18, 21
Jonah 1:1, 3, 4, 6, 9, 10, 14, 16, 17; 2:1, 2, 3, 4, 6, 7, 9, 10; 3:1, 2, 3, 5, 8, 9, 10; 4:2, 3, 4, 6, 7, 8, 9, 10, 11
Mic 1:1, 2, 3, 4, 6, 7, 9, 12, 15; 2:3, 5, 7, 8, 9, 12, 13; 3:4, 5, 7, 8, 11; 4:1, 2, 3, 4, 5, 6, 7, 10, 12, 13; 5:1, 2, 3, 4, 6, 7, 10, 11, 12, 13, 14, 15; 6:1, 2, 3, 4, 5, 6, 7, 8, 9, 11, 13, 14, 16; 7:7, 8, 9, 10, 12, 15, 17, 18, 19, 20
Nah 1:2, 3, 4, 5, 6, 7, 8, 9, 11, 12, 13, 14; 2:1, 2, 13; 3:5, 6, 7
Hab 1:2, 3, 5, 6, 12, 13; 2:1, 2, 13, 14, 16, 20; 3:2, 3, 4, 5, 6, 8, 9, 10, 11, 12, 13, 14, 15, 16, 18, 19
Zeph 1:1, 2, 3, 4, 5, 6, 7, 8, 9, 10, 12, 14, 17, 18; 2:2, 3, 5, 7, 8, 9, 10, 11, 12, 13, 14; 3:2, 5, 6, 7, 8, 9, 10, 11, 12, 15, 17, 18, 19, 20
Hag 1:1, 2, 3, 5, 7, 8, 9, 11, 12, 13, 14; 2:1, 4, 5, 6, 7, 8, 9, 10, 11, 14, 15, 17, 18, 19, 20, 21, 22, 23
Zech 1:1, 2, 3, 4, 6, 7, 10, 11, 12, 13, 14, 15, 16, 17, 20, 21; 2:5, 6, 8, 9, 10, 11, 12, 13; 3:1, 2, 5, 6, 7, 8, 9, 10; 4:6, 8, 9, 10, 14; 5:4; 6:5, 9, 12, 13, 14, 15; 7:1, 2, 3, 4, 5, 7, 8, 9, 12, 13; 8:1, 2, 3, 4, 6, 7, 8, 9, 10, 11, 12, 13, 14, 15, 17, 18, 19, 20, 21, 22, 23; 9:1, 4, 6, 7, 8, 9, 10, 11, 12, 13, 14, 15, 16, 17; 10:1, 3, 4, 5, 6, 7, 8, 9, 10, 12; 11:4, 5, 6, 7, 11, 13, 15, 16; 12:1, 2, 3, 4, 5, 6, 7, 8, 9, 10; 13:2, 3, 7, 8, 9; 14:1, 2, 3, 4, 5, 7, 9, 12, 13, 16, 17, 18, 20, 21
Mal 1:1, 2, 3, 4, 5, 6, 7, 8, 9, 10, 11, 12, 13, 14; 2:2, 3, 4, 5, 6, 7, 8, 9, 10, 11, 12, 13, 14, 15, 16, 17; 3:1, 2, 3, 4, 5, 6, 7, 8, 9, 10, 11, 12, 13, 14, 15, 16, 17, 18; 4:1, 2, 3, 4, 5, 6
Matt 1:20, 22, 23, 24; 2:12, 13, 15, 19, 22; 3:3, 9, 16, 17; 4:3, 4, 6, 7, 10; 5:8, 9, 16, 33, 34, 35, 45, 48; 6:1, 4, 6, 8, 9, 14, 15, 18, 24, 26, 30, 32, 33; 7:11, 21, 22; 8:2, 6, 8, 17, 21, 25, 29; 9:8, 28, 38; 10:20, 29, 32, 33; 11:25, 26, 27; 12:4, 8, 18, 28, 50; 13:35, 37, 43, 51; 14:28, 30, 33; 15:3, 4, 6, 13, 22, 25, 27, 31; 16:2, 16, 17, 22, 23, 27; 17:4, 5, 24; 18:10, 14, 19, 21, 35; 19:6, 17, 24, 26; 20:23, 30, 31, 33; 21:3, 9, 12, 31, 42, 43; 22:16, 21, 29, 30, 31, 32, 37, 43, 44, 45; 23:9, 22, 39; 24:36, 42; 25:34, 37, 40, 44; 26:22, 29, 39, 42, 53, 61, 63; 27:10, 35, 37, 40, 42, 43, 46, 54; 28:2, 6, 19
Mark 1:1, 2, 3, 11, 14, 15, 24; 2:7, 12, 26, 28; 3:11, 35; 4:11, 26, 30; 5:7, 19; 7:8, 9, 13, 28; 8:33, 38; 9:1, 7, 24, 47; 10:6, 9, 14, 15, 18, 23, 24, 25, 27, 51; 11:3, 9, 10, 22, 25, 26; 12:11, 14, 17, 24, 26, 27, 29, 30, 32, 34, 36, 37; 13:19, 20, 32; 14:21, 25, 36, 61; 15:2, 32, 34, 39, 43; 16:19, 20
Luke 1:6, 8, 9, 11, 15, 16, 17, 19, 25, 26, 28, 30, 32, 35, 37, 38, 43, 45, 47, 58, 64, 66, 68, 76, 78; 2:9, 11, 13, 14, 15, 20, 22, 23, 24, 26, 28, 29, 37, 38, 39, 40, 49, 52; 3:2, 4, 6, 8, 22, 38; 4:3, 4, 8, 9, 12, 18, 19, 34, 41, 43; 5:1, 8, 12, 17, 21, 25, 26; 6:4, 5, 12, 20, 36; 7:6, 13, 16, 28, 29, 30, 31; 8:1, 10, 11, 21, 28, 39; 9:2, 11, 20, 26, 27, 35, 43, 54, 57, 59, 60, 61, 62; 10:1, 2, 9, 11, 17, 21, 22, 27, 40; 11:1, 2, 8, 13, 20, 28, 39, 42, 49; 12:6, 8, 9, 20, 21, 24, 28, 30, 31, 32, 41, 42; 13:3, 5, 13, 15, 18, 20, 23, 25, 28, 29, 35; 14:15; 15:10; 16:13, 15, 16; 17:5, 6, 15, 18, 20, 21, 37; 18:2, 4, 6, 7, 11, 13, 16, 17, 19, 24, 25, 27, 29, 41, 43; 19:8, 11, 31, 34, 37, 38; 20:16, 21, 25, 36, 37, 38, 42, 44; 21:4, 31; 22:16, 18, 29, 31, 33, 38, 42, 49, 61, 69, 70; 23:34, 35, 40, 42, 46, 47, 51; 24:3, 19, 34, 49, 53
John 1:1, 2, 6, 12, 13, 14, 18, 23, 29, 33, 34, 36, 49, 51; 2:16; 3:2, 3, 5, 16, 17, 18, 21, 33, 34, 35, 36; 4:1, 10, 21, 23, 24, 42; 5:17, 18, 19, 20, 21, 22, 23, 25, 26, 30, 36, 37, 42, 43, 44, 45; 6:15, 23, 27, 28, 29, 32, 33, 34, 37, 39, 44, 45, 46, 57, 65, 68, 69; 7:17, 36; 8:11, 16, 18, 19, 27, 28, 29, 38, 40, 41, 42, 47, 49, 54; 9:3, 16, 24, 29, 31, 33, 35, 36, 38; 10:15, 17, 18, 25, 29, 30, 32, 33, 35, 36, 37, 38; 11:2, 3, 4, 12, 21, 22, 27, 32, 34, 39, 40, 41, 52; 12:13, 26, 27, 28, 38, 43, 49, 50; 13:1, 3, 6, 9, 13, 14, 25, 31, 32, 36, 37; 14:1, 2, 5, 6, 7, 8, 9, 10, 11, 12, 13, 16, 20, 21, 22, 23, 24, 26, 28, 31; 15:1, 8, 9, 10, 15, 16, 23, 24, 26; 16:2, 3, 10, 15, 16, 17, 23, 25, 26, 27, 28, 30, 32; 17:1, 3, 5, 11, 21, 24, 25; 18:11; 19:7, 24; 20:2, 13, 17, 18, 20, 21, 25, 28, 31; 21:7, 12, 15, 16, 17, 19, 20, 21
Acts 1:3, 4, 7, 21, 24; 2:11, 17, 18, 19, 20, 21, 22, 23, 24, 25, 27, 28, 30, 32, 33, 34, 35, 36, 39, 47; 3:8, 9, 13, 15, 18, 19, 20, 21, 22, 25, 26; 4:10, 19, 21, 24, 25, 26, 27, 28, 29, 30, 31, 33; 5:4, 9, 14, 19, 29, 30, 31, 32, 39; 6:2, 7, 11; 7:2, 3, 4, 5, 6, 7, 8, 9, 17, 25, 30, 31, 32, 33, 34, 35, 37, 42, 43, 44, 45, 46, 47, 48, 49, 50, 55, 56, 59, 60; 8:10, 12, 14, 16, 20, 21, 22, 24, 25, 26, 37, 39; 9:1, 5, 6, 10, 11, 13, 15, 17, 20, 27, 29, 31, 35, 42; 10:2, 3, 4, 14, 15, 20, 22, 28, 31, 33, 34, 35, 36, 38, 40, 41, 42, 46, 48; 11:1, 8, 9, 16, 17, 18, 20, 21, 23, 24; 12:5, 7, 11, 17, 23, 24; 13:2, 5, 7, 10, 11, 12, 16, 17, 18, 19, 20, 21, 22, 23, 26, 30, 33, 34, 35, 36, 37, 41, 43, 44, 46, 47, 48, 49; 14:3, 15, 16, 17, 22, 23, 26, 27; 15:4, 7, 8, 10, 11, 12, 14, 16, 17, 18, 19, 26, 35, 36, 40; 16:10, 14, 15, 17, 25, 31, 32, 34; 17:13, 23, 24, 25, 27, 28, 29, 30, 31; 18:7, 8, 9, 11, 13, 21, 25, 26; 19:5, 8, 10, 11, 13, 17, 20; 20:19, 21, 24, 25, 27, 28, 32, 35; 21:13, 14, 19, 20; 22:3, 8, 10, 14, 16, 19; 23:1, 3, 4, 9, 11; 24:14, 15, 16; 26:6, 7, 8, 15, 18, 20, 22, 29; 27:23, 24, 25, 35; 28:15, 23, 28, 31
Rom 1:1, 2, 3, 4, 7, 8, 9, 10, 16, 17, 18, 19, 20, 21, 23, 24, 25, 26, 28, 30, 32; 2:2, 3, 4, 5, 6, 11, 13, 16, 17, 18, 23, 24, 29; 3:2, 3, 4, 5, 6, 7, 11, 18, 19, 20, 21, 22, 23, 24, 25, 26, 29, 30, 31; 4:2, 3, 5, 6, 8, 17, 20, 21, 24; 5:1, 2, 5, 8, 10, 11, 15, 21; 6:2, 4, 10, 11, 13, 15, 17, 22, 23; 7:4, 7, 13, 22, 25; 8:3, 7, 8, 9, 11, 14, 15, 16, 17, 19, 20, 21, 27, 28, 29, 30, 31, 32, 33, 34, 36, 37, 39; 9:4, 5, 6, 8, 9, 11, 13, 14, 15, 16, 17, 18, 19, 20, 22, 23, 24, 25, 26, 28, 29, 33; 10:1, 2, 3, 9, 12, 13, 14, 16, 17, 19, 20, 21; 11:1, 2, 3, 4, 8, 11, 21, 22, 23, 27, 29, 30, 32, 33, 34, 35, 36; 12:1, 2, 3, 11, 19; 13:1, 2, 4, 6, 14; 14:3, 4, 6, 8, 9, 11, 12, 14, 17, 18, 20, 22; 15:3, 5, 6, 7, 8, 9, 10, 11, 13, 15, 16, 17, 19, 30, 32, 33; 16:2, 8, 11, 12, 13, 18, 20, 22, 24, 25, 26, 27
1Cor 1:1, 2, 3, 4, 7, 8, 9, 10, 14, 18, 19, 20, 21, 24, 25, 27, 28, 29, 30, 31; 2:1, 5, 7, 8, 9, 10, 11, 12, 14, 16; 3:5, 6, 7, 9, 10, 16, 17, 19, 20, 23; 4:1, 4, 5, 8, 9, 17, 19, 20; 5:4, 5, 13; 6:9, 10, 11, 13, 14, 15, 16, 17, 19, 20; 7:7, 10, 12, 15, 17, 19, 22, 24, 25, 32, 34, 35, 39, 40; 8:3, 4, 6, 8; 9:9, 10, 21; 10:5, 13, 20, 21, 22, 26, 28, 31, 32; 11:3, 7, 11, 12, 13, 16, 20, 22, 23, 26, 27, 29, 32; 12:3, 5, 6, 18, 24, 28; 14:2, 18, 21, 25, 28, 33, 36, 37; 15:9, 10, 15, 24, 25, 27, 28, 31, 34, 38, 47, 50, 57, 58; 16:2, 7, 10, 19, 22, 23
2Cor 1:1, 2, 3, 4, 9, 10, 12, 14, 18, 19, 20, 21, 22, 23; 2:12, 14, 15, 17; 3:3, 4, 5, 6, 16, 17, 18; 4:2, 4, 5, 6, 7, 10, 14, 15; 5:1, 5, 6, 8, 9, 11, 13, 18, 19, 20, 21; 6:1, 2, 4, 7, 16, 17, 18; 7:1, 6, 12; 8:1, 5, 9, 16, 19, 21; 9:7, 8, 9, 10, 11, 12, 13, 14, 15; 10:4, 5, 8, 13, 17, 18; 11:1, 7, 11, 17, 31; 12:1, 2, 3, 8, 19, 21; 13:4, 7, 10, 11, 14
Gal 1:1, 3, 4, 5, 6, 10, 13, 15, 16, 19, 20, 24; 2:6, 8, 17, 19, 20, 21; 3:6, 8, 11, 16, 17, 18, 20, 21, 26; 4:4, 6, 7, 8, 9, 14; 5:8, 10, 21; 6:7, 14, 16, 17, 18
Eph 1:1, 2, 3, 4, 5, 6, 7, 8, 9, 10, 11, 12, 14, 15, 17, 18, 19, 20; 2:1, 4, 7, 8, 10, 12, 16, 18, 19, 21, 22; 3:2, 3, 5, 6, 7, 9, 10, 11, 14, 15, 16, 19, 20, 21; 4:1, 5, 6, 8, 13, 17, 18, 24, 30, 32; 5:1, 2, 5, 6, 8, 10, 17, 19, 20, 21, 22, 29; 6:1, 4, 6, 7, 8, 10, 11, 13, 17, 21, 23, 24
Phil 1:2, 3, 6, 8, 11, 14, 28; 2:6, 9, 11, 13, 15, 19, 24, 27, 29; 3:1, 3, 8, 9, 14, 15, 19, 20; 4:1, 2, 4, 5, 6, 7, 9, 10, 18, 19, 20, 23
Col 1:1, 2, 3, 6, 9, 10, 11, 12, 13, 15, 19, 20, 21, 22, 25, 26, 27, 29; 2:2, 6, 9, 12, 13, 14, 15, 19; 3:1, 3, 6, 10, 12, 15, 16, 17, 18, 20, 22, 23, 24; 4:3, 7, 11, 12, 17
1Thess 1:1, 2, 3, 4, 6, 8, 9, 10; 2:2, 4, 5, 8, 9, 10, 12, 13, 14, 15, 19; 3:2, 8, 9, 11, 12, 13; 4:1, 2, 3, 5, 6, 7, 8, 9, 14, 15, 16, 17; 5:2, 9, 12, 18, 23, 24, 27, 28
2Thess 1:1, 2, 3, 4, 5, 6, 7, 8, 9, 11, 12; 2:1, 4, 8, 11, 13, 14, 16; 3:1, 3, 4, 5, 6, 12, 16, 18
1Tim 1:1, 2, 11, 12, 14, 17; 2:3, 4, 5; 3:5, 15, 16; 4:3, 4, 5, 10; 5:4, 5, 21; 6:1, 3, 11, 13, 14, 15, 16, 17
2Tim 1:1, 2, 3, 6, 7, 8, 9, 10, 12, 16, 18; 2:7, 9, 14, 15, 19, 22, 24, 25; 3:4, 11, 16, 17; 4:1, 8, 14, 16, 17, 18, 22
Titus 1:1, 2, 3, 4, 7, 16; 2:5, 10, 11, 13; 3:4, 5, 6, 7, 8
Phlm 1:3, 4, 5, 16, 20, 25
Heb 1:1, 2, 3, 5, 6, 7, 8, 9, 10, 13; 2:3, 4, 5, 6, 7, 8, 9, 10, 12, 13, 17; 3:2, 4, 5, 6, 7, 9, 10, 11, 12, 15, 17, 18; 4:1, 3, 4, 5, 7, 8, 9, 10, 12, 13, 14; 5:1, 4, 5, 6, 7, 10, 12; 6:1, 3, 5, 6, 7, 10, 13, 14, 17, 18; 7:1, 3, 14, 17, 19, 21, 25; 8:1, 2, 5, 8, 9, 10, 11, 12, 13; 9:6, 14, 20, 24; 10:5, 6, 7, 8, 9, 12, 16, 17, 21, 23, 29, 30, 31, 36, 38; 11:3, 4, 5, 6, 7, 10, 11, 16, 19, 25, 27, 40; 12:2, 5, 6, 7, 9, 10, 14, 15, 22, 23, 25, 26, 28, 29; 13:4, 5, 6, 7, 15, 16, 20, 21
Jas 1:1, 5, 7, 12, 13, 17, 18, 20, 27; 2:1, 5, 11, 19, 23; 3:9; 4:4, 6, 7, 8, 10, 12, 15; 5:4, 7, 8, 10, 11, 14, 15
1Pet 1:2, 3, 5, 15, 16, 17, 21, 23, 25; 2:3, 4, 5, 6, 9, 10, 12, 13, 15, 16, 17, 19, 20, 23; 3:4, 5, 12, 15, 17, 18, 20, 21, 22; 4:2, 5, 6, 10, 11, 14, 16, 17, 19; 5:2, 3, 5, 6, 7, 10, 11, 12
2Pet 1:1, 2, 3, 8, 11, 14, 16, 17, 21; 2:1, 4, 9, 11, 20; 3:2, 5, 8, 9, 10, 12, 13, 14, 15, 18
1John 1:2, 3, 5, 6, 7, 9, 10; 2:1, 3, 4, 5, 6, 8, 12, 13, 14, 15, 16, 17, 20, 22, 23, 24, 25, 27, 28, 29; 3:1, 2, 3, 6, 8, 9, 10, 16, 17, 19, 20, 21, 22, 23, 24; 4:1, 2, 3, 4, 6, 7, 8, 9, 10, 11, 12, 13, 14, 15, 16, 19, 20, 21; 5:1, 2, 3, 4, 5, 7, 9, 10, 11, 12, 13, 14, 15, 16, 18, 19, 20
2John 1:3, 4, 6, 9, 10, 11
3John 1:11
Jude 1:1, 4, 5, 6, 9, 14, 15, 17, 21, 24, 25
Rev 1:1, 2, 6, 9, 10; 2:7, 18, 27; 3:1, 2, 5, 12, 14, 21; 4:5, 8, 11; 5:6, 9, 10; 6:9, 10; 7:2, 3, 10, 11, 12, 15, 17; 8:2, 4; 9:4, 13; 10:7; 11:1, 4, 8, 11, 13, 15, 16, 17, 19; 12:5, 6, 10, 17; 13:6; 14:1, 4, 5, 7, 10, 12, 13, 19; 15:1, 2, 3, 4, 7, 8; 16:1, 5, 7, 9, 11, 14, 19, 21; 17:14, 17; 18:5, 8, 20; 19:1, 4, 5, 6, 9, 10, 13, 15, 16, 17; 20:4, 6, 9, 12; 21:2, 3, 4, 5, 6, 7, 10, 11, 22, 23; 22:1, 3, 5, 6, 9, 18, 19, 20, 21
