# Every verse containing God the Son (#6a2ea6) - 3,358 verses
# Format: Book chapter:verse, verse; chapter:verse ...  (verse 0 = psalm title)

Gen 16:7, 8, 9, 10, 11; 21:17, 18; 22:11, 12, 15, 16, 17, 18; 31:11, 12, 13; 48:16; 49:10
Exod 3:2; 14:19; 23:20, 21, 22, 23; 32:34
Num 22:22, 23, 24, 25, 26, 27, 31, 32, 33, 34, 35; 24:17
Deut 18:15, 18
Josh 5:13, 14, 15
Judg 2:1, 2, 3, 4; 6:11, 12, 13, 20, 21, 22; 13:3, 6, 7, 8, 9, 10, 11, 12, 13, 14, 15, 16, 17, 18, 19, 20, 21
Job 19:25
Ps 2:7, 12; 110:4
Isa 7:14; 9:6; 11:1; 19:20; 63:9
Dan 3:25; 7:13; 8:25; 9:24, 25, 26
Hos 2:16; 12:4
Zech 1:8, 10, 11, 12; 3:1, 3, 4, 5, 6, 8; 6:12
Mal 3:1
Matt 1:1, 16, 17, 18, 21, 23, 25; 2:1, 2, 4, 6, 8, 11, 13, 14, 20, 21, 23; 3:3, 11, 12, 13, 14, 15, 16, 17; 4:1, 2, 3, 4, 5, 6, 7, 8, 9, 10, 11, 12, 13, 17, 18, 19, 20, 21, 22, 23, 24, 25; 5:1, 2, 11, 17, 18, 20, 22, 26, 28, 32, 34, 35, 39, 44, 45; 6:2, 4, 5, 8, 9, 10, 13, 16, 25, 29, 30, 33; 7:11, 21, 22, 23, 24, 26, 28, 29; 8:1, 2, 3, 4, 5, 7, 8, 10, 11, 13, 14, 15, 16, 18, 19, 20, 21, 22, 23, 24, 25, 26, 27, 28, 29, 31, 32, 34; 9:1, 2, 4, 6, 9, 10, 11, 12, 13, 14, 15, 18, 19, 20, 21, 22, 23, 24, 25, 27, 28, 29, 30, 31, 32, 34, 35, 36, 37, 38; 10:1, 4, 5, 15, 16, 18, 22, 23, 27, 28, 32, 33, 34, 35, 37, 38, 39, 40, 42; 11:1, 2, 3, 4, 6, 7, 9, 10, 11, 16, 19, 20, 22, 24, 25, 26, 27, 28, 29, 30; 12:1, 2, 3, 6, 7, 8, 9, 10, 11, 13, 14, 15, 16, 18, 19, 20, 21, 22, 25, 27, 28, 30, 31, 32, 36, 38, 39, 40, 46, 47, 48, 49, 50; 13:1, 2, 3, 10, 11, 13, 15, 17, 24, 31, 33, 34, 36, 37, 41, 51, 52, 53, 54, 55, 56, 57, 58; 14:1, 12, 13, 14, 15, 16, 17, 18, 19, 22, 23, 25, 26, 27, 28, 29, 31, 33, 35, 36; 15:1, 2, 3, 8, 9, 10, 12, 13, 15, 16, 21, 22, 23, 24, 25, 26, 28, 29, 30, 32, 33, 34, 35, 36, 39; 16:1, 4, 5, 6, 8, 11, 12, 13, 14, 15, 16, 17, 18, 19, 20, 21, 22, 23, 24, 25, 27, 28; 17:1, 2, 3, 4, 5, 7, 8, 9, 10, 11, 12, 13, 14, 15, 16, 17, 18, 19, 20, 22, 23, 25, 26, 27; 18:1, 2, 3, 5, 6, 10, 11, 13, 18, 19, 20, 21, 22, 35; 19:1, 2, 3, 4, 7, 9, 10, 11, 13, 14, 15, 16, 17, 18, 20, 21, 23, 24, 25, 26, 27, 28, 29; 20:17, 18, 19, 20, 21, 22, 23, 25, 28, 29, 30, 31, 32, 33, 34; 21:1, 2, 5, 6, 7, 9, 10, 11, 12, 13, 14, 15, 16, 17, 18, 19, 21, 23, 24, 25, 27, 31, 41, 42, 43, 45, 46; 22:1, 15, 16, 17, 18, 19, 20, 21, 22, 23, 24, 29, 32, 33, 34, 35, 36, 37, 41, 42, 43, 44, 45, 46; 23:1, 8, 10, 21, 22, 34, 36, 37, 39; 24:1, 2, 3, 4, 5, 9, 23, 25, 26, 27, 30, 31, 34, 35, 36, 37, 39, 44, 47; 25:13, 31, 32, 33, 34, 35, 36, 37, 38, 39, 40, 41, 42, 43, 44, 45; 26:1, 2, 4, 6, 7, 8, 10, 11, 12, 13, 15, 16, 17, 18, 19, 20, 21, 22, 23, 24, 25, 26, 27, 28, 29, 31, 32, 33, 34, 35, 36, 37, 38, 39, 40, 42, 43, 44, 45, 46, 47, 48, 49, 50, 51, 52, 53, 55, 56, 57, 58, 59, 62, 63, 64, 65, 66, 67, 68, 69, 71, 75; 27:1, 2, 3, 9, 11, 12, 13, 14, 17, 18, 19, 20, 22, 23, 25, 26, 27, 28, 29, 30, 31, 32, 34, 35, 36, 37, 38, 39, 40, 41, 42, 43, 44, 46, 48, 49, 50, 53, 54, 55, 57, 58, 63, 64; 28:5, 6, 7, 8, 9, 10, 13, 14, 16, 17, 18, 19, 20
Mark 1:1, 2, 3, 5, 7, 8, 9, 10, 11, 12, 13, 14, 16, 17, 18, 19, 20, 21, 22, 24, 25, 27, 28, 30, 31, 32, 34, 35, 36, 37, 38, 39, 40, 41, 42, 43, 45; 2:1, 2, 3, 4, 5, 8, 10, 11, 13, 14, 15, 16, 17, 18, 19, 23, 24, 25, 27, 28; 3:1, 2, 3, 4, 5, 6, 7, 8, 9, 10, 11, 12, 13, 14, 16, 17, 19, 21, 22, 23, 28, 30, 31, 32, 33, 34, 35; 4:1, 2, 9, 10, 11, 13, 21, 24, 30, 33, 34, 35, 36, 38, 39, 40, 41; 5:2, 6, 7, 8, 9, 10, 12, 13, 15, 17, 18, 19, 20, 21, 22, 23, 24, 27, 28, 30, 31, 32, 33, 34, 35, 36, 37, 38, 39, 40, 41, 43; 6:1, 2, 3, 4, 5, 6, 7, 10, 11, 14, 30, 31, 33, 34, 35, 37, 38, 39, 41, 45, 46, 47, 48, 49, 50, 51, 54, 55, 56; 7:1, 2, 5, 6, 7, 9, 14, 17, 18, 20, 24, 25, 26, 27, 28, 29, 31, 32, 33, 34, 36, 37; 8:1, 2, 3, 4, 5, 6, 7, 9, 10, 11, 12, 13, 15, 17, 19, 21, 22, 23, 25, 26, 27, 29, 30, 31, 32, 33, 34, 35, 38; 9:1, 2, 3, 4, 5, 7, 8, 9, 11, 12, 13, 14, 15, 16, 17, 19, 20, 21, 23, 24, 25, 27, 28, 29, 30, 31, 32, 33, 35, 36, 37, 38, 39, 40, 41, 42; 10:1, 2, 3, 5, 10, 11, 13, 14, 15, 16, 17, 18, 20, 21, 23, 24, 27, 28, 29, 32, 33, 34, 35, 36, 37, 38, 39, 40, 42, 45, 46, 47, 48, 49, 50, 51, 52; 11:1, 6, 7, 9, 11, 12, 13, 14, 15, 17, 18, 19, 21, 22, 23, 24, 27, 28, 29, 30, 31, 33; 12:1, 12, 13, 14, 15, 16, 17, 18, 19, 24, 26, 28, 29, 32, 33, 34, 35, 36, 37, 38, 41, 43; 13:1, 2, 3, 5, 6, 9, 13, 20, 21, 23, 26, 27, 30, 31, 32, 34, 37; 14:1, 3, 6, 7, 8, 9, 10, 11, 12, 13, 14, 15, 16, 17, 18, 19, 20, 21, 22, 23, 24, 25, 27, 28, 29, 30, 31, 32, 33, 34, 35, 36, 37, 39, 40, 41, 42, 43, 44, 45, 46, 48, 49, 50, 51, 53, 54, 55, 56, 57, 58, 60, 61, 62, 64, 65, 67, 72; 15:1, 2, 3, 4, 5, 9, 10, 12, 13, 14, 15, 16, 17, 18, 19, 20, 21, 22, 23, 24, 25, 26, 27, 28, 29, 30, 31, 32, 34, 35, 36, 37, 39, 41, 43, 44, 46, 47; 16:1, 6, 7, 9, 10, 11, 12, 14, 15, 17, 19
Luke 1:17, 25, 31, 32, 33, 35, 48, 49, 50, 51, 52, 53, 54, 55, 68, 69, 70, 72, 73, 74, 75, 76, 77; 2:7, 11, 21, 22, 26, 27, 28, 29, 30, 31, 32, 33, 34, 38, 40, 41, 42, 43, 44, 45, 46, 47, 48, 49, 50, 51, 52; 3:4, 15, 16, 17, 21, 22, 23; 4:1, 2, 3, 4, 5, 6, 7, 8, 9, 10, 11, 12, 13, 14, 15, 16, 17, 18, 20, 21, 22, 23, 24, 25, 29, 30, 32, 34, 35, 36, 37, 38, 39, 40, 41, 42, 43, 44; 5:1, 3, 4, 5, 8, 10, 11, 12, 13, 14, 15, 16, 17, 18, 19, 20, 22, 24, 27, 28, 29, 30, 31, 32, 33, 34, 36; 6:1, 3, 5, 6, 7, 8, 9, 10, 11, 12, 13, 14, 17, 19, 20, 22, 27, 35, 39, 46, 47; 7:1, 3, 4, 6, 7, 9, 11, 12, 13, 14, 15, 16, 17, 19, 20, 21, 22, 23, 24, 26, 27, 28, 29, 31, 33, 34, 36, 37, 38, 39, 40, 42, 43, 44, 45, 46, 47, 48, 49, 50; 8:1, 3, 4, 8, 9, 10, 19, 20, 21, 22, 23, 24, 25, 27, 28, 29, 30, 31, 32, 35, 37, 38, 39, 40, 41, 42, 44, 45, 46, 47, 48, 49, 50, 51, 52, 53, 54, 55, 56; 9:1, 2, 3, 7, 9, 10, 11, 12, 13, 14, 16, 18, 20, 21, 22, 23, 24, 26, 27, 28, 29, 30, 31, 32, 33, 34, 35, 36, 37, 38, 40, 41, 42, 43, 44, 45, 47, 48, 49, 50, 51, 52, 53, 54, 55, 56, 57, 58, 59, 60, 61, 62; 10:1, 2, 3, 12, 16, 17, 18, 19, 21, 22, 23, 24, 25, 26, 28, 29, 30, 37, 38, 39, 40, 41; 11:1, 2, 5, 9, 13, 14, 15, 16, 17, 18, 19, 20, 23, 27, 28, 29, 30, 37, 38, 39, 40, 45, 46, 49, 51, 53, 54; 12:1, 4, 5, 8, 9, 10, 13, 14, 15, 16, 22, 27, 28, 37, 40, 41, 44, 49, 50, 51, 59; 13:1, 2, 10, 12, 13, 14, 15, 17, 18, 20, 22, 23, 24, 25, 26, 27, 31, 32, 33, 34, 35; 14:1, 2, 3, 4, 6, 7, 12, 16, 25, 26, 27, 33; 15:1, 3, 7, 10, 11; 16:1, 9, 14, 15; 17:1, 9, 11, 12, 13, 14, 16, 17, 19, 20, 22, 24, 25, 26, 30, 34, 37; 18:1, 7, 8, 9, 11, 14, 15, 16, 17, 18, 19, 22, 24, 27, 28, 29, 31, 32, 33, 35, 37, 38, 39, 40, 41, 42, 43; 19:1, 3, 4, 5, 6, 7, 9, 10, 11, 12, 28, 29, 32, 35, 36, 37, 39, 40, 41, 45, 46, 47, 48; 20:1, 2, 3, 5, 8, 9, 17, 19, 20, 21, 23, 25, 26, 27, 28, 34, 38, 39, 40, 41, 42, 43, 44, 45; 21:1, 2, 3, 5, 7, 8, 10, 12, 15, 17, 27, 29, 32, 33, 36, 37, 38; 22:2, 4, 6, 8, 9, 10, 11, 13, 14, 15, 16, 17, 18, 19, 20, 21, 22, 25, 27, 28, 29, 30, 32, 33, 34, 35, 36, 37, 38, 39, 40, 41, 42, 43, 44, 45, 47, 48, 49, 51, 52, 53, 54, 56, 59, 61, 63, 64, 65, 66, 67, 68, 69, 70, 71; 23:1, 2, 3, 5, 7, 8, 9, 10, 11, 13, 14, 15, 16, 20, 21, 22, 23, 25, 26, 27, 28, 32, 33, 34, 35, 36, 37, 38, 39, 40, 42, 43, 46, 49, 52, 55; 24:3, 6, 7, 8, 15, 16, 17, 18, 19, 20, 21, 23, 24, 25, 26, 27, 28, 29, 30, 31, 32, 35, 36, 38, 39, 40, 41, 42, 43, 44, 45, 46, 47, 49, 50, 51, 52
John 1:1, 3, 4, 7, 8, 9, 10, 11, 12, 14, 15, 16, 17, 18, 20, 25, 26, 27, 29, 30, 31, 32, 33, 34, 36, 37, 38, 39, 40, 41, 42, 43, 45, 47, 48, 49, 50, 51; 2:1, 2, 3, 4, 5, 7, 8, 11, 12, 13, 15, 16, 17, 18, 19, 20, 21, 22, 23, 24, 25; 3:2, 3, 4, 5, 7, 9, 10, 11, 12, 13, 14, 15, 16, 17, 18, 22, 26, 28, 34, 35, 36; 4:1, 2, 3, 4, 5, 6, 7, 8, 9, 10, 11, 12, 13, 14, 15, 16, 17, 19, 21, 22, 23, 24, 25, 26, 27, 29, 30, 31, 32, 33, 34, 35, 38, 39, 40, 41, 42, 43, 44, 45, 46, 47, 48, 49, 50, 53, 54; 5:1, 6, 7, 8, 11, 13, 14, 15, 16, 17, 18, 19, 20, 21, 22, 23, 24, 25, 26, 27, 28, 30, 31, 32, 34, 36, 37, 38, 39, 40, 41, 42, 43, 45, 46, 47; 6:1, 2, 3, 5, 6, 7, 8, 10, 11, 12, 14, 15, 16, 17, 19, 20, 21, 22, 24, 25, 26, 27, 28, 29, 30, 31, 32, 33, 34, 35, 36, 37, 38, 39, 40, 41, 42, 43, 44, 45, 46, 47, 48, 51, 52, 53, 54, 55, 56, 57, 58, 59, 60, 61, 62, 63, 64, 65, 66, 67, 68, 69, 70, 71; 7:1, 3, 4, 5, 6, 7, 8, 9, 10, 11, 12, 13, 14, 16, 17, 18, 19, 20, 21, 23, 25, 26, 27, 28, 29, 30, 31, 32, 33, 34, 35, 36, 37, 38, 39, 40, 41, 42, 43, 44, 45, 48, 50; 8:1, 2, 3, 4, 5, 6, 7, 8, 9, 10, 11, 12, 13, 14, 15, 16, 18, 19, 20, 21, 22, 23, 24, 25, 26, 27, 28, 29, 30, 31, 33, 34, 35, 36, 37, 38, 39, 40, 41, 42, 43, 45, 46, 48, 49, 50, 51, 52, 53, 54, 55, 56, 57, 58, 59; 9:1, 2, 3, 4, 5, 6, 11, 12, 14, 15, 16, 17, 22, 24, 25, 26, 27, 28, 29, 30, 31, 33, 35, 36, 37, 38, 39, 40, 41; 10:1, 6, 7, 8, 9, 10, 11, 14, 15, 16, 17, 18, 20, 23, 24, 25, 26, 27, 28, 29, 30, 31, 32, 33, 34, 36, 37, 38, 39, 40, 41, 42; 11:2, 3, 4, 5, 6, 7, 8, 9, 11, 12, 13, 14, 15, 17, 20, 21, 22, 23, 24, 25, 26, 27, 28, 29, 30, 32, 33, 34, 35, 36, 38, 39, 40, 41, 42, 43, 44, 45, 46, 48, 51, 52, 53, 54, 56, 57; 12:1, 2, 3, 4, 7, 8, 9, 11, 12, 13, 14, 15, 16, 17, 18, 19, 21, 22, 23, 24, 26, 27, 28, 29, 30, 32, 33, 34, 35, 36, 37, 40, 41, 42, 44, 45, 46, 47, 48, 49, 50; 13:1, 2, 3, 4, 5, 6, 7, 8, 9, 10, 11, 12, 13, 14, 15, 16, 18, 19, 20, 21, 22, 23, 24, 25, 26, 27, 28, 29, 31, 32, 33, 34, 35, 36, 37, 38; 14:1, 2, 3, 4, 5, 6, 7, 8, 9, 10, 11, 12, 13, 14, 15, 16, 17, 18, 19, 20, 21, 22, 23, 24, 25, 26, 27, 28, 29, 30, 31; 15:1, 2, 3, 4, 5, 6, 7, 8, 9, 10, 11, 12, 14, 15, 16, 17, 18, 19, 20, 21, 22, 23, 24, 25, 26, 27; 16:1, 3, 4, 5, 6, 7, 8, 9, 10, 12, 13, 14, 15, 16, 17, 18, 19, 20, 22, 23, 24, 25, 26, 27, 28, 29, 30, 31, 32, 33; 17:1, 2, 3, 4, 5, 6, 7, 8, 9, 10, 11, 12, 13, 14, 15, 16, 17, 18, 19, 20, 21, 22, 23, 24, 25, 26; 18:1, 2, 4, 5, 6, 7, 8, 9, 11, 12, 13, 15, 17, 19, 20, 21, 22, 23, 24, 25, 26, 28, 30, 31, 32, 33, 34, 35, 36, 37, 38, 39; 19:1, 2, 3, 4, 5, 6, 7, 9, 10, 11, 12, 13, 14, 15, 16, 17, 18, 19, 20, 21, 23, 25, 26, 27, 28, 29, 30, 32, 33, 34, 36, 37, 38, 39, 40, 41, 42; 20:2, 9, 12, 13, 14, 15, 16, 17, 18, 19, 20, 21, 22, 24, 25, 26, 27, 28, 29, 30, 31; 21:1, 2, 4, 5, 6, 7, 10, 12, 13, 14, 15, 16, 17, 18, 19, 20, 21, 22, 23, 25
Acts 1:1, 2, 3, 4, 6, 7, 8, 9, 10, 11, 14, 16, 21, 22, 24; 2:22, 23, 24, 25, 27, 28, 30, 31, 32, 33, 34, 35, 36, 38; 3:6, 13, 14, 15, 16, 18, 20, 21, 22, 23, 26; 4:2, 10, 13, 18, 24, 25, 26, 27, 28, 29, 30, 33; 5:30, 31, 32, 40, 41, 42; 6:14; 7:5, 8, 37, 47, 52, 55, 56, 59; 8:5, 12, 16, 32, 33, 35, 37; 9:4, 5, 6, 13, 14, 15, 16, 17, 20, 22, 27, 29, 34; 10:35, 36, 38, 39, 40, 41, 42, 43; 11:16, 17, 20; 12:11; 13:17, 18, 19, 20, 22, 23, 24, 25, 27, 28, 29, 30, 31, 33, 34, 35, 37, 39, 47; 14:3, 17, 23, 27; 15:8, 11, 14, 17, 18, 21, 26; 16:18, 31; 17:3, 7, 18, 23, 24, 25, 27, 28, 31; 18:5, 10, 28; 19:4, 5, 10, 13, 15, 17; 20:21, 24, 28, 32, 35; 21:13; 22:7, 8, 9, 14, 15, 18, 19, 20, 21; 23:11; 24:24; 25:19; 26:9, 14, 15, 16, 17, 18, 23; 27:23; 28:23, 31
Rom 1:1, 2, 3, 4, 5, 6, 7, 8, 9, 16, 20, 21, 25; 2:16; 3:22, 24, 26; 4:24; 5:1, 6, 8, 10, 11, 15, 17, 21; 6:3, 4, 8, 9, 11, 23; 7:4, 25; 8:1, 2, 3, 9, 10, 11, 17, 29, 32, 34, 35, 39; 9:1, 3, 5; 10:4, 6, 7, 9; 11:26; 12:5; 13:14; 14:9, 10, 14, 15, 18; 15:3, 5, 6, 7, 8, 16, 17, 18, 19, 20, 29, 30; 16:3, 5, 7, 9, 10, 16, 18, 20, 24, 25, 27
1Cor 1:1, 2, 3, 4, 6, 7, 8, 9, 10, 12, 13, 17, 23, 24, 30; 2:2, 16; 3:1, 11, 23; 4:1, 10, 15, 17; 5:4, 5, 7; 6:11, 15; 7:22; 8:6, 11, 12; 9:1, 2, 5, 12, 14, 18, 21; 10:4, 9, 16; 11:1, 3, 23, 24, 25; 12:3, 12, 27; 15:3, 12, 13, 14, 15, 16, 17, 18, 19, 20, 22, 23, 28, 31, 57; 16:22, 23, 24
2Cor 1:1, 2, 3, 5, 14, 19, 21; 2:10, 12, 14, 15, 17; 3:3, 4, 14; 4:4, 5, 6, 10, 11, 14; 5:10, 14, 16, 17, 18, 19, 20; 6:15; 8:9, 23; 9:13; 10:1, 5, 7, 14; 11:2, 3, 10, 13, 23, 31; 12:2, 9, 10, 19; 13:3, 5, 14
Gal 1:1, 3, 6, 7, 10, 12, 16, 22; 2:4, 16, 17, 20, 21; 3:1, 13, 14, 16, 17, 22, 24, 26, 27, 28, 29; 4:4, 6, 7, 14, 19; 5:1, 2, 4, 6, 24; 6:2, 12, 14, 15, 17, 18
Eph 1:1, 2, 3, 5, 10, 12, 15, 17, 20; 2:5, 6, 7, 10, 12, 13, 16, 20; 3:1, 4, 6, 8, 9, 11, 14, 17, 19, 21; 4:7, 12, 13, 15, 20, 21, 32; 5:2, 5, 14, 20, 23, 24, 25, 32; 6:5, 6, 9, 23, 24
Phil 1:1, 2, 6, 8, 10, 11, 13, 15, 16, 18, 19, 20, 21, 23, 26, 27, 29; 2:1, 5, 10, 11, 16, 19, 21, 30; 3:3, 7, 8, 9, 12, 14, 18, 20, 21; 4:7, 13, 19, 21, 23
Col 1:1, 2, 3, 4, 7, 13, 24, 27, 28; 2:2, 5, 6, 8, 11, 17, 19, 20; 3:1, 3, 4, 11, 13, 16, 17, 24; 4:1, 3, 12
1Thess 1:1, 3, 10; 2:6, 14, 15, 19; 3:2, 11, 13; 4:1, 2, 14, 16; 5:9, 18, 23, 28
2Thess 1:1, 2, 7, 8, 12; 2:1, 2, 14, 16; 3:5, 6, 12, 18
1Tim 1:1, 2, 12, 14, 15, 16; 2:5, 7; 3:13; 4:6; 5:11, 21; 6:3, 13, 14, 15
2Tim 1:1, 2, 9, 10, 13; 2:1, 3, 8, 10, 19; 3:12, 15; 4:1, 22
Titus 1:1, 4; 2:13, 14; 3:6
Phlm 1:1, 3, 5, 6, 8, 9, 23, 25
Heb 1:2, 5, 8; 2:9; 3:1, 6, 14; 4:14; 5:5, 7, 8; 6:1, 6, 20; 7:3, 22, 28; 9:11, 14, 24, 28; 10:10, 19, 29; 11:26; 12:2, 24; 13:8, 12, 20, 21
Jas 1:1; 2:1
1Pet 1:1, 2, 3, 7, 11, 13, 19; 2:5, 21, 24, 25; 3:16, 18, 21; 4:1, 11, 13, 14; 5:1, 4, 10, 14
2Pet 1:1, 2, 8, 11, 14, 16, 17; 2:20; 3:18
1John 1:1, 3, 7; 2:1, 22, 23, 24; 3:8, 23; 4:2, 3, 9, 10, 14, 15; 5:1, 5, 6, 7, 9, 10, 11, 12, 13, 20
2John 1:3, 7, 9
Jude 1:1, 4, 17, 21
Rev 1:1, 2, 4, 5, 6, 7, 8, 9, 11, 13, 14, 15, 16, 17, 18, 20; 2:1, 2, 3, 4, 5, 6, 7, 9, 10, 12, 13, 14, 15, 16, 17, 18, 19, 20, 21, 22, 23, 24, 25, 26, 27, 28; 3:1, 2, 3, 4, 5, 7, 8, 9, 10, 11, 12, 14, 15, 16, 18, 19, 20, 21; 4:1, 3, 9, 10, 11; 5:1, 5, 6, 7, 8, 9, 12, 13, 14; 6:1, 3, 5, 7, 9, 10, 12, 16, 17; 7:9, 10, 14, 15, 17; 8:1; 10:6, 7; 11:15, 17, 18, 19; 12:5, 10, 11, 17; 13:6, 8; 14:1, 4, 7, 10, 12, 14; 15:3, 4, 7, 8; 16:5, 6, 7, 9, 15, 16; 17:6, 14, 17; 18:8; 19:2, 5, 7, 9, 10, 11, 12, 13, 14, 15, 16, 19, 21; 20:4, 6, 11; 21:3, 5, 6, 9, 14, 22, 23, 27; 22:1, 3, 4, 6, 7, 12, 13, 14, 16, 20, 21
