# Every verse containing Number Words (#9c0f2e) - 3,975 verses
# Format: Book chapter:verse, verse; chapter:verse ...  (verse 0 = psalm title)

Gen 1:5, 8, 13, 16, 19, 23, 31; 2:2, 3, 10, 11, 13, 14; 4:15, 19, 24; 5:3, 4, 5, 6, 7, 8, 9, 10, 11, 12, 13, 14, 15, 16, 17, 18, 19, 20, 21, 22, 23, 25, 26, 27, 28, 30, 31, 32; 6:3, 10, 15, 16, 19, 20; 7:2, 3, 4, 6, 9, 10, 11, 12, 13, 15, 17, 20, 24; 8:3, 4, 5, 6, 10, 12, 13, 14; 9:19, 22, 28, 29; 10:25; 11:10, 11, 12, 13, 14, 15, 16, 17, 18, 19, 20, 21, 22, 23, 24, 25, 26, 32; 12:4; 13:4, 16; 14:4, 5, 9, 14, 20; 15:5, 9, 13, 16; 16:3, 10, 16; 17:1, 12, 17, 20, 24, 25; 18:2, 6, 24, 26, 28, 29, 30, 31, 32; 19:1, 8, 15, 16, 30; 20:16; 21:4, 5, 28, 29, 30; 22:3, 4, 15, 23; 23:1, 15, 16; 24:10, 22, 55, 60; 25:7, 16, 17, 20, 23, 25, 26; 26:1, 12, 34; 27:9, 36; 28:19, 22; 29:2, 16, 18, 20, 27, 30, 34; 30:7, 12, 17, 19, 20, 36; 31:7, 22, 23, 33, 38, 41; 32:6, 7, 10, 12, 14, 15, 19, 22; 33:1, 3, 19; 34:25, 30; 35:22, 28; 37:2, 9, 28; 38:24, 28; 40:2, 10, 12, 13, 16, 18, 19, 20; 41:1, 2, 3, 4, 5, 6, 7, 18, 19, 20, 22, 23, 24, 26, 27, 29, 30, 32, 34, 36, 43, 46, 47, 48, 49, 50, 52, 53, 54; 42:3, 13, 17, 18, 32, 37; 43:10, 12, 15, 18, 20, 34; 44:27; 45:6, 11, 22, 23; 46:15, 18, 22, 25, 26, 27; 47:2, 9, 18, 24, 26, 28; 48:1, 5; 49:14, 28; 50:3, 10, 22, 23, 26
Exod 1:5; 2:2, 13, 16; 3:18; 4:8, 9; 5:3; 6:16, 18, 20; 7:7, 25; 8:27; 10:22, 23; 12:2, 3, 4, 5, 6, 7, 15, 16, 18, 19, 22, 23, 37, 40, 41; 13:6, 7; 14:7; 15:22, 27; 16:1, 5, 16, 22, 26, 27, 29, 30, 35, 36; 18:3, 6, 21, 25; 19:1, 11, 15, 16; 20:5, 6, 9, 10, 11; 21:2, 11, 21, 32; 22:1, 4, 7, 9, 29, 30; 23:10, 11, 12, 14, 15, 17, 19, 26, 29; 24:1, 4, 6, 9, 16, 18; 25:10, 12, 17, 18, 19, 22, 23, 26, 32, 33, 34, 35, 37; 26:1, 2, 3, 4, 5, 6, 7, 8, 9, 10, 11, 12, 16, 17, 18, 19, 20, 21, 22, 23, 24, 25, 26, 27, 32, 37; 27:1, 2, 4, 7, 9, 10, 11, 12, 13, 14, 15, 16, 18; 28:7, 9, 10, 11, 12, 14, 16, 17, 18, 19, 20, 21, 23, 24, 25, 26, 27; 29:1, 3, 13, 15, 22, 23, 30, 35, 37, 38, 40; 30:2, 4, 12, 13, 14, 15, 23, 24; 31:15, 17, 18; 32:15, 28; 34:1, 4, 7, 18, 21, 23, 24, 26, 28, 29; 35:2; 36:8, 9, 10, 11, 12, 13, 14, 15, 16, 17, 18, 21, 22, 23, 24, 25, 26, 27, 28, 29, 30, 31, 32, 36, 38; 37:1, 3, 6, 7, 8, 10, 13, 18, 19, 20, 21, 23, 25, 27; 38:1, 2, 5, 9, 10, 11, 12, 13, 14, 15, 18, 19, 24, 25, 26, 27, 28, 29; 39:4, 9, 10, 11, 12, 13, 14, 16, 17, 18, 19, 20; 40:2, 17
Lev 3:4, 10, 15; 4:6, 9, 17, 21; 5:7, 8, 10, 11, 16; 6:5, 20; 7:4, 17, 18; 8:2, 11, 16, 25, 33, 35; 9:1, 3, 15; 11:20, 21, 23, 27, 42; 12:2, 3, 4, 5, 6, 8; 13:4, 5, 6, 21, 26, 27, 31, 32, 33, 34, 50, 51, 54, 58; 14:4, 7, 8, 9, 10, 12, 16, 21, 22, 23, 27, 38, 39, 49, 51; 15:13, 14, 19, 24, 28, 29; 16:1, 5, 7, 8, 14, 19, 29; 19:6, 7, 23, 24, 25; 22:14, 27; 23:3, 5, 6, 7, 8, 12, 13, 15, 16, 17, 18, 19, 20, 24, 27, 32, 34, 35, 36, 39, 40, 41, 42; 24:5, 6; 25:3, 4, 8, 9, 10, 11, 15, 16, 20, 21, 22, 50; 26:8, 18, 21, 22, 24, 26, 28; 27:3, 4, 5, 6, 7, 13, 15, 16, 19, 25, 27, 30, 31, 32
Num 1:1, 2, 3, 16, 18, 19, 20, 21, 22, 23, 24, 25, 26, 27, 28, 29, 30, 31, 32, 33, 34, 35, 36, 37, 38, 39, 40, 41, 42, 43, 44, 45, 46, 47, 49; 2:4, 6, 8, 9, 11, 13, 15, 16, 19, 21, 23, 24, 26, 28, 30, 31, 32, 33; 3:15, 16, 22, 28, 34, 39, 40, 42, 43, 46, 47, 48, 50; 4:3, 23, 29, 30, 34, 35, 36, 37, 38, 39, 40, 41, 42, 43, 44, 45, 46, 47, 48, 49; 5:7, 15; 6:9, 10, 12, 14, 19; 7:2, 3, 7, 8, 12, 13, 14, 15, 16, 17, 18, 19, 20, 21, 22, 23, 24, 25, 26, 27, 28, 29, 30, 31, 32, 33, 34, 35, 36, 37, 38, 39, 40, 41, 42, 43, 44, 45, 46, 47, 48, 49, 50, 51, 52, 53, 54, 55, 56, 57, 58, 59, 60, 61, 62, 63, 64, 65, 66, 67, 68, 69, 70, 71, 72, 73, 74, 75, 76, 77, 78, 79, 80, 81, 82, 83, 84, 85, 86, 87, 88, 89; 8:2, 24, 25; 9:1, 3, 5, 11, 22; 10:2, 4, 6, 11, 13, 14, 33, 36; 11:16, 19, 21, 24, 25, 26, 31, 32; 12:4, 12, 14, 15; 13:22, 23, 25; 14:18, 22, 29, 33, 34; 15:4, 5, 6, 7, 9, 10, 11, 12, 20, 21, 24, 27; 16:2, 17, 35, 49; 17:2, 6; 18:13, 16, 21, 24, 26, 28; 19:4, 11, 12, 14, 16, 19; 20:1, 11, 29; 22:22, 28, 32, 33; 23:1, 4, 10, 14, 29; 24:10, 20; 25:9; 26:2, 4, 7, 10, 14, 18, 22, 25, 27, 34, 37, 41, 43, 47, 50, 51, 53, 54, 57, 62, 63, 64; 28:3, 5, 7, 9, 11, 12, 13, 14, 15, 16, 17, 18, 19, 20, 21, 22, 24, 25, 27, 28, 29, 30; 29:1, 2, 3, 4, 5, 7, 8, 9, 10, 11, 12, 13, 14, 15, 16, 17, 18, 19, 20, 21, 22, 23, 24, 25, 26, 27, 28, 29, 30, 31, 32, 33, 34, 35, 36, 37, 38; 31:4, 5, 6, 8, 14, 19, 24, 27, 28, 29, 30, 32, 33, 34, 35, 36, 37, 38, 39, 40, 42, 43, 44, 45, 46, 47, 48, 52, 54; 32:11, 13, 33; 33:3, 8, 9, 38, 39; 34:13, 14, 15; 35:4, 5, 6, 7, 13, 14, 15
Deut 1:2, 3, 11, 15, 23; 2:7, 14; 3:4, 8, 11, 12, 13, 16, 21; 4:13, 27, 41, 47; 5:9, 10, 13, 14, 22; 7:1, 7, 9; 8:2, 4; 9:9, 10, 11, 15, 17, 18, 25; 10:1, 2, 3, 4, 10, 22; 11:14; 12:6, 11, 17; 13:9; 14:6, 23, 28; 15:1, 9, 12, 18; 16:3, 4, 8, 9, 13, 15, 16; 17:6, 7; 18:3, 4; 19:2, 3, 7, 9, 15; 21:15, 17; 22:12, 19, 29; 23:2, 3, 8; 24:5; 25:2, 3; 26:2, 12; 28:7, 25, 62; 29:5, 8; 31:2, 10; 32:8, 30; 33:2, 17, 21; 34:7, 8
Josh 1:11, 12; 2:1, 4, 10, 16, 22, 23; 3:2, 4, 12; 4:2, 3, 4, 5, 8, 9, 12, 13, 19, 20; 5:2, 6, 10; 6:3, 4, 6, 8, 13, 14, 15, 16, 22; 7:3, 4, 5, 21; 8:3, 5, 6, 10, 12, 25, 33; 9:10, 16, 17; 10:5, 16, 17, 22, 23, 26, 32; 12:2, 5, 6, 9, 10, 11, 12, 13, 14, 15, 16, 17, 18, 19, 20, 21, 22, 23, 24; 13:3, 7, 25, 29, 30, 31; 14:2, 3, 4, 7, 10; 15:14, 32, 36, 41, 44, 51, 54, 57, 59, 60, 62; 17:5, 11; 18:2, 4, 5, 6, 7, 9, 24, 28; 19:1, 6, 7, 10, 15, 17, 22, 24, 30, 32, 38, 40; 21:4, 5, 6, 7, 10, 16, 18, 19, 22, 24, 25, 26, 27, 29, 31, 32, 33, 35, 37, 39, 40, 41; 22:1, 7, 9, 10, 11, 13, 14, 15, 21, 30; 23:10; 24:12, 29, 32
Judg 1:1, 4, 7, 20; 2:8; 3:3, 8, 11, 14, 16, 29, 30, 31; 4:3, 6, 10, 13, 14; 5:8, 30, 31; 6:1, 5, 25, 26, 27, 28; 7:3, 6, 7, 8, 12, 16, 19, 20, 22, 25; 8:4, 10, 12, 14, 26, 28, 30; 9:2, 4, 5, 18, 22, 24, 34, 43, 44, 49, 56; 10:2, 3, 4, 8; 11:26, 33, 37, 38, 39, 40; 12:6, 7, 9, 11, 14; 13:1; 14:11, 12, 13, 14, 15, 17, 18, 19; 15:4, 11, 13, 15, 16, 20; 16:3, 5, 7, 8, 13, 15, 19, 27, 28, 29, 31; 17:2, 3, 4, 10; 18:2, 7, 11, 14, 16, 17, 29; 19:2, 4, 5, 8, 10, 29; 20:2, 10, 15, 16, 17, 18, 21, 22, 24, 25, 30, 31, 32, 34, 35, 39, 44, 45, 46, 47; 21:9, 10, 12, 23
Ruth 1:1, 2, 3, 4, 5, 7, 8, 19; 3:15, 17; 4:2, 11, 15
1Sam 1:2, 3, 8, 24; 2:5, 13, 21, 34; 3:8; 4:2, 4, 10, 11, 15, 17, 18; 6:1, 4, 7, 10, 16, 18, 19; 7:2; 8:2, 12, 15, 17; 9:8, 20, 22; 10:2, 3, 4, 8, 19; 11:3, 8, 11; 13:1, 2, 5, 8, 15, 17; 14:2, 14, 17, 35, 49; 15:4; 16:10; 17:4, 5, 7, 12, 13, 14, 16, 17, 18, 40; 18:7, 8, 11, 13, 21, 25, 27; 19:21; 20:5, 12, 19, 20, 27, 34, 41; 21:3, 5, 11; 22:2, 7, 18; 23:13, 18, 23; 24:2; 25:2, 5, 13, 18, 38, 42; 26:2, 8; 27:2, 3, 7; 28:8; 29:2, 5; 30:1, 5, 9, 10, 12, 13, 17, 18, 21; 31:6, 8, 13
2Sam 1:1, 2; 2:2, 10, 11, 15, 18, 23, 30, 31; 3:3, 4, 5, 13, 14, 20, 27; 4:2, 4, 6; 5:4, 5; 6:1, 11, 13; 8:2, 4, 5, 13; 9:10; 10:4, 6, 18; 12:1, 6, 18; 13:23, 38; 14:6, 26, 27, 28, 29; 15:1, 7, 11, 16, 18, 27, 36; 16:1; 17:1, 9; 18:1, 2, 3, 4, 7, 11, 12, 14, 15, 24; 19:17, 20, 32, 35, 40, 43; 20:3, 4, 10; 21:1, 6, 8, 9, 16, 20, 22; 23:8, 9, 13, 16, 17, 18, 19, 20, 22, 23, 24, 39; 24:1, 2, 3, 4, 8, 9, 10, 12, 13, 15, 24
1Kgs 1:5; 2:5, 11, 32, 39; 3:4, 8, 16, 18, 25; 4:7, 13, 22, 23, 26, 32; 5:11, 12, 13, 14, 15, 16; 6:1, 2, 3, 6, 8, 10, 16, 17, 20, 23, 24, 25, 26, 31, 32, 33, 34, 36, 37, 38; 7:1, 2, 3, 4, 5, 6, 10, 12, 15, 16, 17, 18, 19, 20, 23, 24, 25, 26, 27, 30, 31, 32, 34, 35, 37, 38, 39, 41, 42, 43, 44, 49; 8:2, 5, 7, 9, 63, 65, 66; 9:2, 10, 11, 14, 23, 25, 28; 10:7, 10, 14, 16, 17, 19, 20, 22, 26, 29; 11:3, 9, 16, 29, 30, 31, 35, 42; 12:5, 12, 21, 28, 32, 33; 13:8; 14:3, 20, 21, 25; 15:1, 2, 9, 10, 25, 28, 33; 16:8, 9, 10, 15, 21, 23, 24, 29; 17:12, 13, 21; 18:1, 4, 13, 19, 21, 22, 23, 25, 31, 32, 33, 34, 43, 44; 19:7, 8, 18, 19; 20:1, 9, 15, 16, 17, 25, 26, 27, 29, 30; 21:10, 13; 22:1, 2, 6, 31, 41, 42, 51
2Kgs 1:9, 10, 11, 12, 13, 14, 17; 2:6, 7, 8, 9, 12, 16, 17, 24; 3:1, 4, 6, 9, 10, 13, 26; 4:1, 33, 35, 42, 43; 5:5, 10, 14, 17, 22, 23; 6:10, 25; 7:1, 3, 13, 14, 16, 18; 8:1, 2, 3, 9, 16, 17, 25, 26; 9:19, 29, 32; 10:1, 4, 6, 7, 8, 14, 24, 30, 36; 11:3, 4, 5, 6, 7, 9, 10, 15, 19, 21; 12:1, 6; 13:1, 7, 10, 18, 19, 25; 14:1, 2, 7, 13, 17, 21, 23; 15:1, 2, 8, 12, 13, 17, 19, 20, 23, 25, 27, 30, 32, 33; 16:1, 2; 17:1, 5, 6, 16; 18:1, 2, 9, 10, 13, 14, 23; 19:29, 35; 20:5, 6, 8, 9, 10, 11; 21:1, 5, 19; 22:1, 3; 23:4, 12, 23, 31, 33, 36; 24:1, 8, 12, 14, 16, 18; 25:1, 2, 3, 4, 8, 16, 17, 18, 19, 25, 27
1Chr 1:19; 2:3, 4, 6, 13, 14, 15, 16, 21, 22, 23, 52, 54; 3:1, 2, 3, 4, 5, 8, 15, 20, 22, 23, 24; 4:5, 27, 32, 42; 5:13, 18, 21, 23, 26; 6:60, 61, 62, 63, 70, 71; 7:1, 2, 3, 4, 5, 6, 7, 9, 11, 15, 40; 8:1, 2, 38, 39, 40; 9:2, 6, 9, 13, 22, 24, 25, 26, 44; 10:6, 12; 11:6, 11, 12, 15, 18, 19, 20, 21, 22, 23, 24, 25, 42; 12:4, 9, 10, 11, 12, 13, 14, 15, 20, 23, 24, 25, 26, 27, 28, 29, 30, 31, 32, 33, 34, 35, 36, 37, 39; 13:1, 14; 15:5, 6, 7, 8, 9, 10, 13, 18, 25, 26; 16:7, 15, 38; 18:4, 5, 12; 19:6, 7, 18; 20:6; 21:1, 2, 3, 5, 10, 12, 14, 17, 20, 25; 22:14, 16; 23:3, 4, 5, 8, 9, 10, 11, 12, 19, 20, 23, 24, 27, 31; 24:4, 7, 8, 9, 10, 11, 12, 13, 14, 15, 16, 17, 18, 21, 23; 25:1, 3, 5, 7, 9, 10, 11, 12, 13, 14, 15, 16, 17, 18, 19, 20, 21, 22, 23, 24, 25, 26, 27, 28, 29, 30, 31; 26:2, 3, 4, 5, 8, 9, 11, 17, 18, 26, 30, 31, 32; 27:1, 2, 3, 4, 5, 6, 7, 8, 9, 10, 11, 12, 13, 14, 15, 20, 21, 23, 24; 28:1; 29:4, 6, 7, 21, 22, 27, 29
2Chr 1:2, 6, 14, 17; 2:2, 10, 17, 18; 3:2, 3, 4, 8, 9, 10, 11, 12, 13, 15, 16; 4:1, 2, 3, 4, 5, 6, 7, 8, 12, 13, 15; 5:3, 6, 10, 12; 6:13; 7:5, 8, 9, 10; 8:1, 10, 13, 18; 9:6, 9, 13, 15, 16, 18, 19, 21, 25, 29, 30; 10:5, 12; 11:1, 17, 21; 12:2, 3, 13, 15; 13:1, 2, 3, 9, 17, 21; 14:1, 8, 9; 15:10, 11, 19; 16:1, 11, 12, 13; 17:3, 7, 11, 14, 15, 16, 17, 18; 18:5; 20:25, 26, 31, 34; 21:5, 19, 20; 22:2, 12; 23:1, 4, 5, 9, 14, 20; 24:1, 3, 15; 25:1, 5, 6, 9, 11, 12, 13, 23, 25, 26; 26:1, 3, 11, 12, 13, 17, 22; 27:1, 5, 8; 28:1, 6, 8, 26; 29:1, 3, 17, 21, 32, 33; 30:2, 13, 15, 21, 22, 23, 24; 31:5, 6, 7, 12, 16, 17; 33:1, 5, 21; 34:1, 3, 8; 35:1, 7, 8, 9, 17, 19, 24, 27; 36:2, 3, 5, 9, 11, 21, 22
Ezra 1:1, 8, 9, 10, 11; 2:2, 3, 4, 5, 6, 7, 8, 9, 10, 11, 12, 13, 14, 15, 16, 17, 18, 19, 20, 21, 22, 23, 24, 25, 26, 27, 28, 29, 30, 31, 32, 33, 34, 35, 36, 37, 38, 39, 40, 41, 42, 58, 60, 64, 65, 66, 67, 69; 3:1, 4, 6, 8, 12; 4:24; 5:13; 6:3, 4, 15, 17, 19, 22; 7:7, 8, 9, 14, 22; 8:3, 4, 5, 6, 7, 8, 9, 10, 11, 12, 13, 14, 15, 18, 19, 20, 24, 26, 27, 31, 32, 33, 34, 35; 10:8, 9, 13, 16, 17
Neh 1:1; 2:1, 11; 3:9, 12, 13, 16, 17, 30; 4:6, 12, 16, 21; 5:11, 14, 15, 17, 18; 6:4, 5, 15; 7:5, 7, 8, 9, 10, 11, 12, 13, 14, 15, 16, 17, 18, 19, 20, 21, 22, 23, 24, 25, 26, 27, 28, 29, 30, 31, 32, 33, 34, 35, 36, 37, 38, 39, 40, 41, 42, 43, 44, 45, 60, 62, 66, 67, 68, 69, 70, 71, 72, 73; 8:2, 13, 14, 18; 9:1, 3, 21; 10:31, 32, 37, 38; 11:1, 6, 8, 9, 12, 13, 14, 17, 18, 19; 12:31, 32, 38, 40, 44; 13:5, 6, 12, 20, 24
Esth 1:1, 3, 4, 5, 10, 14; 2:9, 12, 14, 16, 19, 21; 3:7, 9, 12, 13; 4:11, 16; 5:1, 3, 6, 14; 6:2; 7:2, 9; 8:9, 12; 9:1, 6, 10, 11, 12, 13, 14, 15, 16, 17, 18, 19, 21, 27, 29, 30
Job 1:2, 3, 4, 5, 17, 19; 2:11, 13; 3:6; 5:9, 19; 9:3, 10; 11:6; 13:20; 14:5; 15:7, 20; 19:3; 21:21; 25:3; 31:37; 32:1, 3, 5; 33:14, 23; 34:24; 36:26; 38:21, 37; 39:2; 40:5; 41:13; 42:7, 8, 10, 12, 13, 14, 16
Ps 3:6; 12:2, 6; 33:2; 40:5; 50:10; 55:23; 60:0; 62:11; 68:17; 71:15; 79:12; 84:10; 90:4, 10, 12; 91:7; 92:3; 95:10; 105:8, 12, 34; 119:72, 164; 139:18; 144:9, 13; 147:4
Prov 6:16, 31; 9:1; 17:10; 18:17; 24:16; 26:16, 25; 30:7, 15, 18, 21, 24, 29
Eccl 1:15; 4:8, 9, 11, 12, 15; 6:3, 6; 7:19, 28; 8:12; 11:2
Song 3:7; 4:4, 5; 5:10; 6:8, 13; 7:3; 8:11, 12
Isa 3:3; 4:1; 5:10; 6:2, 13; 7:4, 8, 21, 23; 11:11, 12, 15; 15:5; 16:14; 17:6; 19:18, 24; 20:3; 21:17; 22:10, 11; 23:15, 17; 30:17, 26; 36:1, 8; 37:30, 36; 38:5, 8; 40:2, 26; 41:27; 43:27; 45:1; 47:9; 51:19; 53:12; 60:22; 61:7; 65:11, 12, 20
Jer 1:2, 3, 13; 2:13, 28, 32; 3:14; 4:31; 7:12; 11:13; 13:3; 15:3, 9; 16:18; 17:18; 24:1, 2; 25:1, 3, 11, 12; 28:1, 3, 11, 17; 29:10; 32:1, 9, 18; 33:1, 7, 11, 22, 24; 34:14, 18; 36:1, 9, 22, 23, 28; 38:10, 14; 39:1, 2, 4; 41:1, 2, 4, 5, 8, 15; 42:7; 44:28; 45:1; 46:2; 48:34; 49:36; 50:17; 51:59; 52:1, 4, 5, 6, 7, 12, 20, 21, 22, 23, 24, 25, 28, 29, 30, 31
Ezek 1:1, 2, 5, 6, 8, 10, 11, 15, 16, 17, 18, 23; 3:15, 16; 4:4, 5, 6, 9, 10, 11; 5:2, 3, 12; 7:2; 8:1, 11, 16; 9:2; 10:9, 10, 11, 12, 14, 21; 11:1; 14:14, 16, 18, 21; 16:51; 20:1; 21:14, 19, 21; 23:2; 24:1; 26:1; 29:1, 11, 12, 13, 17; 30:20; 31:1; 32:1, 17; 33:21; 35:10; 37:9, 22; 39:2, 9, 12, 14; 40:1, 5, 6, 7, 8, 9, 10, 11, 12, 13, 14, 15, 17, 19, 21, 22, 23, 25, 26, 27, 29, 30, 31, 33, 34, 36, 37, 39, 40, 41, 42, 47, 48, 49; 41:1, 2, 3, 4, 5, 6, 8, 9, 10, 11, 12, 13, 14, 15, 16, 18, 22, 23, 24; 42:2, 3, 4, 6, 7, 8, 16, 17, 18, 19, 20; 43:14, 15, 16, 17, 20, 22, 25, 26, 27; 44:26, 30; 45:1, 2, 3, 5, 6, 11, 12, 13, 14, 15, 18, 19, 20, 21, 23, 25; 46:1, 4, 6, 13, 14, 19, 21, 22, 23; 47:3, 4, 5, 13; 48:8, 9, 10, 13, 15, 16, 17, 18, 20, 21, 30, 31, 32, 33, 34, 35
Dan 1:1, 5, 12, 14, 15, 17, 20, 21; 2:1, 39, 40; 3:1, 19, 23, 24, 25; 4:16, 23, 25, 29, 32; 5:1, 7, 16, 26, 29, 31; 6:1, 2, 7, 10, 12, 13; 7:1, 2, 3, 4, 5, 6, 7, 8, 10, 17, 19, 20, 23, 24; 8:1, 3, 6, 7, 8, 14, 20, 21, 22; 9:1, 2, 24, 25, 26, 27; 10:1, 2, 3, 4, 12, 13; 11:1, 2, 4, 12; 12:5, 7, 11, 12
Hos 1:10; 2:7; 3:2; 6:2; 9:10; 10:10
Joel 1:6; 2:23
Amos 1:1, 3, 6, 9, 11, 13; 2:1, 4, 6, 10; 3:3, 12; 4:4, 7, 8; 5:3, 8, 25; 6:7, 9
Jonah 1:17; 3:1, 3, 4; 4:11
Mic 4:8; 5:2, 5; 6:7
Nah 1:9; 3:3
Zeph 1:10
Hag 1:1, 15; 2:1, 3, 10, 16, 18, 20
Zech 1:1, 7, 12, 18, 20; 2:6; 3:9; 4:2, 3, 10, 11, 12, 14; 5:2, 9; 6:1, 2, 3, 5; 7:1, 3, 5; 8:19, 23; 9:12; 11:7, 8, 12, 13; 12:7; 13:8, 9; 14:2, 4, 8, 10
Mal 3:8, 10
Matt 1:17; 2:16; 4:2, 18, 21; 5:24, 41; 6:24, 33; 7:5; 8:21, 28; 9:20, 27; 10:1, 2, 5, 10, 29, 30; 11:1, 2; 12:29, 40, 45; 13:8, 23, 30, 33; 14:17, 19, 20, 21, 25; 15:32, 34, 36, 37, 38; 16:9, 10, 21; 17:1, 4, 10, 11, 23, 27; 18:8, 9, 12, 13, 16, 19, 20, 21, 22, 24, 28; 19:5, 6, 28, 29, 30; 20:3, 5, 6, 8, 9, 10, 16, 17, 19, 21, 24, 30; 21:1, 28, 30, 31, 36; 22:25, 26, 28, 38, 39, 40; 23:15, 23, 26; 24:31, 40, 41; 25:1, 2, 15, 16, 17, 20, 22, 24, 28; 26:2, 14, 15, 17, 20, 34, 37, 42, 44, 47, 53, 60, 61, 75; 27:3, 9, 21, 38, 40, 45, 46, 51, 63, 64; 28:1, 16
Mark 1:13; 2:3; 3:14, 27; 4:8, 10, 20, 28; 5:13, 25, 42; 6:7, 9, 23, 37, 38, 40, 41, 43, 44, 48; 7:27; 8:2, 5, 6, 8, 9, 19, 20, 31; 9:2, 5, 11, 12, 31, 35, 43, 45, 47; 10:8, 30, 31, 32, 34, 41, 46; 11:1, 4, 11; 12:20, 21, 22, 23, 28, 29, 30, 31, 42; 13:10, 27; 14:1, 5, 10, 12, 13, 17, 20, 30, 41, 43, 58, 72; 15:25, 27, 29, 33, 34, 38; 16:2, 9, 12, 14
Luke 1:3, 24, 26, 36, 56, 59; 2:2, 21, 24, 36, 37, 42, 46; 3:1, 11, 23; 4:2, 25; 5:2; 6:1, 13, 42; 7:19, 41; 8:1, 2, 8, 42, 43; 9:1, 3, 12, 13, 14, 16, 17, 22, 28, 30, 32, 33, 59, 61; 10:1, 5, 17, 30, 35, 36; 11:5, 26, 38, 42; 12:1, 6, 7, 38, 52; 13:4, 7, 11, 14, 16, 21, 30, 32; 14:18, 19, 28, 31; 15:4, 7, 8, 11; 16:5, 6, 7, 13, 28; 17:4, 12, 17, 25, 34, 35, 36; 18:12, 31, 33; 19:8, 13, 16, 17, 18, 19, 24, 25, 29; 20:12, 29, 30, 31, 33; 21:2, 9; 22:3, 14, 30, 34, 38, 47, 61; 23:22, 32, 44; 24:1, 4, 7, 9, 13, 21, 33, 46
John 1:35, 37, 39, 40, 41; 2:1, 6, 19, 20; 3:4; 4:6, 18, 35, 40, 43, 52, 54; 5:2, 4, 5; 6:7, 9, 10, 13, 19, 67, 70, 71; 8:7, 17, 57; 10:40; 11:6, 9, 17, 18, 39; 12:1, 5, 16; 13:38; 18:13; 19:14, 18, 23, 32, 39; 20:1, 4, 8, 12, 19, 24, 26; 21:2, 8, 11, 14, 16, 17
Acts 1:3, 10, 15, 17, 23, 24, 26; 2:14, 15, 41; 3:1, 26; 4:4, 22; 5:7, 36; 6:1, 2, 3, 7; 7:6, 8, 12, 13, 14, 20, 23, 29, 30, 36, 42; 9:9, 33, 38; 10:3, 7, 9, 11, 15, 16, 19, 30, 40; 11:5, 10, 11, 12, 21, 26; 12:4, 6, 10; 13:18, 19, 20, 21, 24, 33, 46; 15:14; 16:5; 17:2; 18:11; 19:7, 8, 10, 14, 19, 22, 34; 20:3, 6, 7, 9, 18, 31; 21:4, 7, 8, 9, 20, 23, 27, 33, 38; 23:13, 21, 23; 24:1, 11, 27; 25:1, 6; 26:4, 7, 20, 23; 27:19, 27, 28, 29, 33, 37, 41, 43; 28:7, 11, 12, 13, 14, 15, 17, 30
Rom 1:16; 2:9, 10; 4:19; 9:27; 10:19; 11:4, 35; 15:24
1Cor 4:15; 6:16; 10:8; 11:18; 12:28; 13:13; 14:19, 27, 29, 30; 15:3, 4, 5, 6, 45, 46, 47; 16:2
2Cor 1:15; 8:5, 12; 10:12; 11:24, 25; 12:2, 8, 14; 13:1, 2
Gal 1:18; 2:1; 3:17; 4:13, 22, 24
Eph 1:12; 2:15; 4:9; 5:31; 6:2
Phil 1:5, 23; 3:5
1Thess 4:16
2Thess 2:3
1Tim 1:16; 2:1, 13; 3:10; 5:4, 9, 12, 17, 19
2Tim 1:5; 2:6; 4:16
Titus 3:10
Heb 2:3; 3:9, 17; 4:4, 6; 5:12; 6:18; 7:2, 4, 5, 6, 8, 9, 27; 8:7, 13; 9:1, 2, 3, 6, 7, 8, 15, 18, 28; 10:9, 28; 11:23, 30
Jas 1:1, 8; 3:17; 4:8; 5:17
1Pet 3:20; 4:17
2Pet 1:20; 2:5; 3:1, 3, 8
1John 4:19; 5:7, 8
Jude 1:6, 12, 14
Rev 1:4, 5, 11, 12, 13, 16, 17, 20; 2:1, 4, 5, 8, 10, 11, 12, 19; 3:1; 4:1, 4, 5, 6, 7, 8, 10; 5:1, 5, 6, 8, 11, 14; 6:1, 3, 5, 6, 7, 8, 9, 12; 7:1, 2, 4, 5, 6, 7, 8, 9, 11; 8:1, 2, 6, 7, 8, 9, 10, 11, 12, 13; 9:1, 5, 10, 12, 13, 14, 15, 16, 18; 10:3, 4, 7; 11:2, 3, 4, 9, 10, 11, 13, 14, 15, 16; 12:1, 3, 4, 6, 14; 13:1, 5, 11, 12, 17, 18; 14:1, 3, 9, 20; 15:1, 2, 6, 7, 8; 16:1, 2, 3, 4, 8, 10, 12, 13, 17, 19; 17:1, 3, 7, 9, 10, 11, 12, 16; 18:6; 19:4; 20:2, 3, 4, 5, 6, 7, 8, 14; 21:1, 8, 9, 12, 13, 14, 16, 17, 19, 20, 21; 22:2, 13
