# Every verse containing People Groups (#1f87cc) - 3,030 verses
# Format: Book chapter:verse, verse; chapter:verse ...  (verse 0 = psalm title)

Gen 10:5, 16, 17, 18, 19; 11:28, 31; 12:6, 12, 14; 13:7; 14:5, 6, 7, 13; 15:7, 16, 19, 20, 21; 16:1, 3; 19:37; 21:9, 32, 34; 23:10; 24:3, 37; 25:9, 12, 20; 26:1, 8, 14, 15, 18, 34; 28:5; 31:20, 24; 34:2, 30; 36:2, 9, 20, 21, 29, 43; 37:25, 27, 28, 36; 38:1, 2, 12, 20; 39:1, 2, 5, 14, 17; 40:15; 41:12, 55, 56; 43:32; 45:2; 46:10, 34; 47:15, 20; 48:22; 49:29, 30; 50:3, 11, 13
Exod 1:9, 12, 13, 15, 16, 19; 2:6, 7, 11, 12, 13, 14, 19, 23, 25; 3:8, 9, 10, 11, 13, 14, 15, 16, 17, 18, 21, 22; 4:14, 22, 29, 31; 5:1, 2, 3, 14, 15, 19; 6:5, 6, 7, 9, 11, 12, 13, 14, 15, 16, 24, 25, 26, 27; 7:2, 4, 5, 16, 18, 21, 24; 8:21, 26; 9:1, 4, 6, 7, 11, 13, 26, 35; 10:3, 6, 20, 23; 11:3, 7, 10; 12:3, 6, 15, 19, 21, 23, 27, 28, 30, 31, 33, 35, 36, 37, 40, 42, 47, 50, 51; 13:2, 5, 11, 17, 18, 19; 14:2, 3, 4, 5, 8, 9, 10, 12, 13, 15, 16, 17, 18, 19, 20, 22, 23, 24, 25, 26, 27, 29, 30, 31; 15:1, 19, 22, 26; 16:1, 2, 3, 6, 9, 10, 12, 15, 17, 31, 35; 17:1, 5, 6, 7, 8, 9, 10, 11, 13, 14, 16; 18:1, 8, 9, 10, 12, 25; 19:1, 2, 3, 4, 6; 20:22; 21:2; 23:23, 28, 31; 24:1, 4, 5, 9, 10, 11, 17; 25:2, 22; 27:20, 21; 28:1, 9, 11, 12, 21, 29, 30, 38; 29:28, 43, 45; 30:12, 16, 31; 31:2, 6, 13, 16, 17; 32:4, 8, 12, 20, 27; 33:2, 5, 6; 34:11, 23, 27, 30, 32, 34, 35; 35:1, 4, 20, 29, 30, 34; 36:3; 38:21, 22, 23; 39:6, 7, 14, 32, 42; 40:36, 38
Lev 1:2; 4:2, 13; 7:23, 29, 34, 36, 38; 9:1, 3; 10:4, 6, 11, 14; 11:2; 12:2; 15:2, 31; 16:5, 16, 17, 19, 21, 34; 17:2, 3, 5, 8, 10, 12, 13, 14; 18:2; 19:2; 20:2, 20; 21:24; 22:2, 3, 15, 18, 32; 23:2, 10, 24, 34, 42, 43, 44; 24:2, 8, 10, 11, 15, 23; 25:2, 32, 33, 46, 49, 55; 26:46; 27:2, 34
Num 1:2, 5, 6, 7, 8, 9, 10, 11, 12, 13, 14, 15, 20, 21, 22, 23, 24, 25, 26, 27, 28, 29, 30, 31, 32, 33, 34, 35, 36, 37, 38, 39, 40, 41, 42, 43, 44, 45, 47, 49, 50, 51, 52, 53, 54; 2:2, 3, 5, 7, 9, 10, 12, 14, 16, 17, 18, 20, 22, 24, 25, 27, 29, 31, 32, 33, 34; 3:6, 8, 9, 12, 15, 20, 21, 23, 24, 27, 30, 32, 33, 38, 39, 40, 41, 42, 45, 46, 49, 50; 4:18, 24, 27, 34, 37, 46; 5:2, 4, 6, 9, 12; 6:2, 13, 18, 19, 20, 21, 23, 27; 7:5, 6, 12, 18, 24, 30, 36, 42, 48, 54, 60, 66, 72, 78; 8:6, 9, 10, 11, 12, 13, 14, 15, 16, 17, 18, 19, 20, 21, 22, 24, 26; 9:2, 4, 5, 7, 10, 17, 18, 19, 22; 10:12, 14, 15, 16, 19, 20, 21, 22, 23, 24, 25, 26, 27, 28, 29; 11:4; 12:1; 13:2, 3, 4, 5, 6, 7, 8, 9, 10, 11, 12, 13, 14, 15, 22, 24, 26, 28, 29, 32; 14:2, 5, 7, 10, 13, 25, 27, 39, 43, 45; 15:2, 18, 25, 26, 29, 32, 38; 16:1, 2, 38, 40, 41; 17:2, 5, 6, 9, 12; 18:2, 5, 6, 8, 11, 19, 20, 21, 22, 23, 24, 26, 28, 30, 32; 19:2, 9, 10; 20:1, 12, 13, 15, 19, 22, 24; 21:1, 3, 10, 13, 21, 24, 25, 26, 29, 31, 32, 34; 22:1, 2, 3, 4; 24:21, 22; 25:6, 8, 11, 13, 14, 15, 17; 26:2, 4, 5, 6, 7, 11, 12, 13, 14, 15, 16, 17, 18, 20, 21, 23, 24, 26, 27, 29, 30, 31, 32, 35, 36, 38, 39, 40, 42, 43, 44, 45, 48, 49, 51, 57, 58, 62, 63, 64; 27:8, 11, 12, 20, 21; 28:2; 29:40; 30:1; 31:2, 3, 7, 9, 12, 16, 30, 42, 47, 54; 32:1, 2, 6, 7, 9, 12, 17, 18, 25, 28, 29, 31, 33, 34, 37, 39; 33:1, 3, 4, 5, 38, 40, 51; 34:2, 13, 14, 19, 20, 21, 22, 23, 24, 25, 26, 27, 28, 29; 35:2, 4, 6, 7, 8, 10, 15, 34; 36:1, 2, 3, 4, 5, 7, 8, 9, 13
Deut 1:3, 4, 7, 19, 20, 27, 28, 44; 2:4, 8, 9, 10, 11, 12, 19, 20, 21, 22, 23, 24, 29, 37; 3:2, 8, 9, 11, 12, 13, 16, 18; 4:43, 44, 45, 46, 47; 7:1; 9:2; 10:6, 8, 9; 11:30; 12:12, 18, 19; 14:27, 29; 15:12; 16:11, 14; 17:9, 18; 18:1, 6, 7; 20:17; 21:5; 23:3, 7; 24:7, 8; 26:5, 6, 11, 12, 13; 27:9, 12, 13, 14; 29:1, 8; 31:4, 19, 22, 23, 25; 32:8, 49, 51, 52; 33:1, 6, 7, 8, 10, 12, 13, 16, 17, 18, 20, 21, 22, 23, 24; 34:8, 9
Josh 1:2, 4, 12; 2:2, 10; 3:1, 3, 9, 10, 17; 4:4, 5, 7, 8, 12, 21; 5:1, 2, 3, 6, 10, 12; 6:1; 7:1, 7, 9, 12, 16, 17, 18, 21, 23; 8:24, 31, 32, 33; 9:1, 7, 10, 17, 18, 26; 10:4, 5, 6, 11, 12, 20, 21; 11:3, 14, 19, 21, 22; 12:1, 2, 5, 6, 7, 8; 13:2, 3, 4, 5, 6, 7, 8, 10, 11, 13, 14, 15, 21, 22, 23, 24, 25, 28, 29, 33; 14:1, 3, 4, 5, 6, 10, 12, 14, 15; 15:1, 8, 12, 13, 14, 20, 21, 63; 16:1, 4, 5, 8, 9, 10; 17:1, 2, 5, 6, 7, 8, 9, 10, 11, 12, 13, 14, 15, 16, 17, 18; 18:1, 2, 3, 7, 10, 11, 14, 20, 21, 28; 19:1, 8, 9, 10, 16, 17, 23, 24, 31, 32, 39, 40, 47, 48, 49, 51; 20:2, 8, 9; 21:1, 3, 4, 5, 6, 7, 8, 9, 10, 13, 17, 19, 20, 23, 25, 26, 27, 28, 30, 32, 33, 34, 36, 38, 40, 41; 22:1, 7, 9, 10, 11, 12, 13, 15, 21, 25, 30, 31, 32, 33, 34; 24:6, 7, 8, 11, 12, 15, 18, 32
Judg 1:1, 2, 3, 4, 5, 8, 9, 10, 16, 17, 18, 19, 21, 22, 23, 26, 27, 28, 29, 30, 31, 32, 33, 34, 35, 36; 2:4, 6, 11; 3:2, 3, 5, 7, 8, 9, 12, 13, 14, 15, 27, 28, 31; 4:1, 2, 3, 5, 6, 10, 11, 13, 16, 17, 23, 24; 5:14, 15, 16, 17, 18, 24; 6:1, 2, 3, 6, 7, 8, 9, 10, 11, 13, 14, 16, 24, 33, 35; 7:1, 2, 7, 12, 23, 24, 25; 8:1, 2, 24, 28, 32, 33, 34; 10:1, 3, 6, 7, 8, 9, 10, 11, 12, 15, 17, 18; 11:1, 4, 5, 6, 8, 9, 12, 13, 14, 15, 19, 21, 22, 23, 27, 28, 29, 30, 31, 32, 33, 36, 40; 12:1, 2, 3, 4, 5, 6, 7, 11, 12, 13, 15; 13:1, 2, 5, 7; 14:1, 2, 3, 4; 15:3, 5, 6, 9, 10, 11, 12, 14, 20; 16:2, 5, 8, 9, 12, 14, 17, 18, 20, 21, 23, 27, 28, 30; 17:7, 9, 10, 11, 12, 13; 18:1, 2, 3, 7, 11, 15, 16, 22, 23, 25, 26, 30; 19:1, 11, 12, 14, 16, 30; 20:1, 3, 4, 7, 10, 11, 12, 13, 14, 15, 17, 18, 19, 20, 21, 23, 24, 25, 26, 27, 28, 30, 31, 32, 35, 36, 39, 40, 41, 43, 44, 46, 48; 21:1, 5, 6, 13, 14, 15, 16, 17, 18, 20, 21, 23, 24
Ruth 1:2, 22; 2:2, 6, 21; 4:5, 10
1Sam 1:1; 2:14, 28; 4:1, 2, 3, 6, 7, 8, 9, 10, 17; 5:1, 2, 8, 10, 11; 6:1, 2, 4, 6, 12, 14, 15, 16, 17, 18, 21; 7:3, 4, 6, 7, 8, 10, 11, 13, 14; 9:1, 2, 4, 16, 21; 10:5, 15, 16, 18, 20, 21; 11:1, 2, 8, 11; 12:9, 12; 13:3, 4, 5, 7, 11, 12, 16, 17, 19, 20, 23; 14:1, 4, 11, 18, 19, 21, 22, 30, 31, 36, 37, 46, 47, 48, 50, 52; 15:6, 7, 8, 15, 18, 20, 32; 16:1, 18; 17:1, 2, 3, 4, 8, 10, 11, 12, 16, 19, 21, 23, 26, 32, 33, 36, 37, 40, 41, 42, 43, 44, 45, 46, 48, 49, 50, 51, 52, 53, 54, 55, 57, 58; 18:6, 17, 19, 21, 25, 27, 30; 19:5, 8; 21:7, 9; 22:7, 9, 10, 18, 22; 23:1, 2, 3, 4, 5, 19, 27, 28; 24:1; 25:1; 26:1, 6; 27:1, 3, 7, 8, 10, 11; 28:1, 4, 5, 15, 19; 29:1, 2, 3, 4, 7, 9, 11; 30:1, 5, 11, 13, 14, 16, 18, 29; 31:1, 2, 7, 8, 9, 11
2Sam 1:1, 8, 13, 18, 20; 2:2, 9, 25; 3:2, 3, 14, 18; 4:1, 2, 3, 5, 9; 5:6, 8, 17, 18, 19, 22, 24, 25; 6:10, 11; 7:6, 7; 8:1, 2, 5, 6, 12, 13, 18; 10:1, 2, 3, 6, 8, 9, 10, 11, 13, 14, 15, 16, 17, 18, 19; 11:1, 3, 6, 17, 21, 24; 12:9, 10, 26, 31; 15:12, 18, 19, 22, 24, 32; 16:11, 16; 17:5, 14, 25, 27; 18:2; 19:9, 16, 31; 20:1, 7, 14, 23, 26; 21:1, 2, 3, 4, 8, 9, 12, 15, 17, 18, 19; 23:8, 9, 10, 11, 12, 13, 14, 16, 21, 25, 26, 27, 28, 29, 30, 31, 32, 33, 34, 35, 36, 37, 38, 39; 24:7, 16, 18
1Kgs 1:3, 15, 38, 44; 2:7, 8, 17, 21, 22; 4:19, 21, 31; 5:6; 6:1, 13; 7:14; 8:1, 4, 9, 63; 9:16, 20, 21, 22; 10:29; 11:1, 2, 5, 7, 14, 17, 26, 29, 33; 12:15, 17, 20, 21, 24, 33; 14:21, 24, 31; 15:5, 27, 29; 16:15, 31; 17:1; 18:20; 19:10, 14; 20:15, 20, 21, 26, 27, 28, 29; 21:1, 4, 6, 7, 15, 16, 17, 26, 28; 22:11, 35
2Kgs 1:3, 8; 3:18, 21, 22, 24; 4:12, 25, 36; 5:2, 20; 6:9; 7:4, 5, 6, 10, 12, 13, 14, 15, 16; 8:2, 3, 12, 21, 28, 29; 9:15, 21, 25, 36; 10:33; 13:5, 17, 20; 15:25; 16:3, 6; 17:6, 7, 8, 9, 18, 22, 24, 29, 31, 34; 18:4, 8, 11, 26, 28; 19:12, 35; 21:2, 9, 11; 23:10, 13; 24:2; 25:4, 5, 10, 13, 23, 24, 25, 26
1Chr 1:12, 14, 15, 16, 43, 45; 2:3, 10, 17, 34, 52, 53, 54, 55; 3:1; 4:2, 19, 43; 5:6, 10, 11, 18, 19, 20, 23, 26; 6:19, 33, 48, 54, 60, 61, 62, 63, 64, 65, 66, 70, 71, 72, 74, 76, 77, 78, 80; 7:14, 29, 40; 9:2, 3, 5, 7, 14, 16, 18, 19, 26, 31, 32, 33, 34; 10:1, 2, 7, 8, 9, 11; 11:4, 6, 11, 12, 13, 14, 15, 16, 18, 23, 27, 28, 29, 30, 31, 32, 33, 34, 35, 36, 37, 39, 40, 41, 42, 43, 44, 45, 46, 47; 12:3, 4, 5, 6, 8, 19, 24, 25, 26, 27, 29, 30, 31, 32, 33, 34, 35, 36, 37; 13:2, 13; 14:8, 9, 10, 13, 15, 16; 15:2, 4, 11, 12, 14, 15, 16, 17, 22, 26, 27; 16:4; 17:5, 6, 7, 9, 10, 21, 22, 24; 18:1, 2, 5, 6, 11, 12, 13, 17; 19:10, 12, 14, 15, 16, 17, 18, 19; 20:4, 5; 21:15, 18, 28; 22:4; 23:2, 3, 7, 14, 25, 26, 27; 24:6, 22, 30, 31; 26:1, 10, 17, 20, 21, 23, 29, 30, 31, 32; 27:1, 4, 8, 9, 10, 11, 12, 13, 14, 15, 16, 17, 18, 19, 20, 21, 22, 27, 28, 29, 30, 31, 32, 33; 28:13, 21; 29:8
2Chr 1:17; 3:1; 5:2, 4, 5, 10, 12; 6:5, 6, 7, 10, 11, 14, 16, 17; 7:3, 6; 8:2, 7, 8, 9, 14, 15; 9:26, 29; 10:15, 17, 18; 11:13, 14; 12:3, 13; 13:9, 10, 12, 18; 14:9, 12, 13; 16:8; 17:8, 11; 18:34; 19:8, 11; 20:1, 14, 19; 21:8, 9, 10, 16; 22:1, 5; 23:2, 4, 6, 7, 8, 18; 24:5, 6, 11, 24, 26; 25:14, 19; 26:6, 7, 8; 27:5; 28:3, 8, 10, 12, 17, 18; 29:4, 5, 12, 16, 25, 26, 30, 34; 30:6, 15, 16, 17, 21, 22, 25, 27; 31:1, 2, 4, 9, 12, 14, 17, 19; 32:18; 33:2, 9; 34:9, 12, 13, 30, 33; 35:3, 5, 8, 9, 10, 11, 14, 15, 17, 18; 36:17
Ezra 1:5; 2:40, 43, 58, 61, 70; 3:8, 9, 10, 12; 4:7, 9, 12, 23; 5:1, 5, 6, 12; 6:2, 6, 7, 8, 14, 16, 18, 20; 7:7, 13, 24; 8:17, 20, 29, 30, 33; 9:1; 10:5, 15, 23
Neh 1:2, 6; 2:10, 16, 19; 3:5, 7, 17, 26, 27, 31; 4:1, 2, 3, 7, 12; 5:1, 8, 17; 6:1, 6; 7:1, 43, 46, 60, 63, 73; 8:7, 9, 11, 13, 17; 9:1, 4, 5, 7, 8, 24, 38; 10:9, 28, 33, 34, 37, 38, 39; 11:3, 4, 7, 15, 16, 18, 20, 21, 22, 25, 31, 36; 12:1, 8, 22, 24, 27, 30, 44, 46, 47; 13:1, 3, 5, 10, 13, 16, 22, 23, 24, 29, 30
Esth 1:19; 2:5, 7, 15; 3:1, 4, 6, 10, 13; 4:3, 7, 13, 14, 16; 5:13; 6:10, 13; 8:1, 3, 5, 7, 8, 9, 11, 13, 16, 17; 9:1, 2, 3, 5, 6, 10, 12, 13, 15, 16, 18, 19, 20, 22, 23, 24, 25, 27, 28, 29, 30, 31; 10:3
Job 1:15, 17; 2:11; 4:1; 8:1; 11:1; 15:1, 34; 18:1; 20:1; 22:1; 25:1; 32:2, 6; 36:13; 42:7, 9
Ps 7:0; 42:6; 52:0; 54:0; 56:0; 68:27; 78:9, 67, 68; 80:1, 2; 83:6, 7, 8, 9; 88:0; 89:0; 103:7; 115:9; 135:11; 136:19; 137:7
Song 6:13
Isa 2:6; 9:12; 10:5, 24; 11:10, 14, 15; 13:17, 19, 20; 14:25; 17:3, 9; 19:2, 4, 21, 23; 20:4; 23:13; 27:12; 30:7, 31; 31:3, 6, 8; 33:14; 36:11, 13; 37:36; 42:1, 6; 43:14; 45:14; 47:1, 5; 48:14, 20; 49:6, 22; 52:4; 54:3; 60:3, 5, 11, 16; 61:6, 9; 62:2; 66:12, 19, 20, 21
Jer 3:2; 4:7; 13:23; 14:22; 16:15, 19; 21:4, 9; 22:25; 24:5; 25:12, 20, 25; 26:18; 27:3; 29:24, 31, 32; 32:4, 5, 7, 8, 9, 12, 24, 25, 28, 29, 43; 33:5, 18, 21, 22; 34:9, 14; 35:2, 3, 5, 11, 18; 37:5, 8, 9, 10, 11, 13, 14; 38:2, 7, 10, 12, 18, 19, 23; 39:5, 8, 16; 40:8, 9, 10, 11, 12, 14, 15; 41:3, 10, 15, 18; 43:3, 13; 44:1; 46:1, 9; 47:1, 4; 49:1, 2; 50:1, 8, 25, 35, 45; 51:4, 11, 28, 54; 52:7, 8, 14, 17, 28, 30
Lam 2:9; 4:7; 5:6
Ezek 1:3; 2:3; 4:13; 6:5; 12:13; 16:3, 26, 27, 28, 45, 57; 21:20, 28; 23:5, 9, 12, 14, 15, 17, 21, 23, 42; 25:2, 3, 5, 10, 15, 16; 27:6, 11; 29:12, 13; 30:9, 23, 26; 31:3; 32:30; 35:5; 37:16, 21; 43:7, 19; 44:9, 10, 15; 45:5; 48:11, 12, 13, 22
Dan 1:3, 4, 6; 2:2, 4, 5, 10; 3:8, 12; 4:7; 5:7, 11, 13, 28, 30; 6:8, 12, 15, 28; 9:1; 11:1, 41, 43
Hos 1:10; 3:1, 4; 4:1; 5:13; 8:8; 11:5; 12:1
Joel 1:1; 2:23; 3:6, 8, 9, 16, 19
Amos 1:8, 13; 2:9, 10, 11, 12; 3:1, 12; 4:5; 6:2, 10; 9:7
Obad 1:12, 19, 20
Jonah 1:9
Mic 1:1; 5:3, 5, 6, 8
Nah 1:1
Hab 1:6
Zeph 2:5, 8, 9, 12
Zech 1:21; 8:23; 9:6, 7; 14:21
Mal 1:11
Matt 2:2, 23; 3:7; 4:15; 5:20; 6:2, 5, 16, 32; 8:28; 9:11, 14, 34; 10:4, 5, 18; 12:2, 14, 18, 21, 24, 38; 15:1, 7, 12; 16:1, 3, 6, 11, 12; 19:3; 20:19, 25; 21:45; 22:15, 16, 18, 23, 34, 41; 23:2, 13, 14, 15, 23, 25, 26, 27, 29; 24:51; 27:9, 11, 29, 37, 62; 28:15
Mark 2:16, 18, 24; 3:6, 18; 5:1; 7:1, 3, 5, 6, 26; 8:11, 15; 10:2, 33, 42; 12:13, 18, 42; 14:70; 15:2, 9, 12, 18, 21, 26
Luke 1:16; 2:32, 36; 4:27; 5:17, 21, 30, 33; 6:2, 7; 7:3, 30, 36, 37, 39; 8:26, 37; 9:52; 10:32, 33; 11:30, 37, 38, 39, 42, 43, 44, 53; 12:1, 56; 13:1, 2, 31; 14:1, 3; 15:2; 16:14; 17:16, 20; 18:10, 11, 32; 19:39; 20:27; 21:2, 24; 22:25, 59; 23:3, 5, 6, 26, 37, 38, 51
John 1:19, 24, 47; 2:6, 13, 18, 20; 3:1, 25; 4:1, 9, 22, 39, 40, 45; 5:1, 2, 10, 15, 16, 18; 6:4, 41, 52; 7:1, 2, 11, 13, 15, 32, 35, 45, 47, 48; 8:3, 13, 22, 31, 48, 52, 57; 9:13, 15, 16, 18, 22, 40; 10:19, 24, 31, 33; 11:8, 19, 31, 33, 36, 45, 46, 47, 48, 54, 55, 57; 12:9, 11, 19, 20, 42; 13:33; 18:3, 12, 14, 20, 31, 33, 35, 36, 38, 39; 19:3, 7, 12, 13, 14, 17, 19, 20, 21, 31, 38, 40, 42; 20:19
Acts 2:5, 7, 9, 10, 11; 4:1, 27, 36; 5:17, 21, 34; 6:1, 9; 7:4, 22, 23, 24, 28, 37, 45; 8:25, 27; 9:15, 22, 23, 29; 10:1, 22, 28, 36, 39, 45; 11:1, 18, 19, 20, 26; 12:3, 11; 13:5, 6, 21, 42, 43, 45, 46, 47, 48, 50; 14:1, 2, 4, 5, 19, 27; 15:3, 5, 7, 12, 14, 17, 19, 23; 16:1, 3, 20, 21, 37, 38; 17:1, 4, 5, 10, 12, 13, 17, 18, 21, 34; 18:2, 4, 5, 6, 8, 12, 14, 17, 19, 24, 28; 19:10, 13, 14, 17, 28, 33, 34, 35; 20:3, 4, 19, 21; 21:11, 19, 20, 21, 25, 27, 28, 29, 37, 38, 39, 40; 22:2, 3, 12, 21, 25, 26, 27, 29, 30; 23:6, 7, 8, 9, 12, 20, 27, 30; 24:5, 9, 18, 24, 27; 25:2, 7, 8, 9, 10, 15, 16, 24; 26:2, 3, 4, 5, 7, 14, 17, 20, 21, 23, 28; 27:2; 28:17, 19, 28, 29
Rom 1:13, 14, 16; 2:9, 10, 14, 17, 24, 28, 29; 3:1, 9, 29; 9:4, 6, 24, 27, 30, 31; 10:1, 12, 19, 21; 11:1, 2, 7, 11, 12, 13, 25, 26; 15:9, 10, 11, 12, 16, 18, 27; 16:4
1Cor 1:22, 23, 24; 5:1; 9:20; 10:20, 32; 12:2, 13
2Cor 3:7, 13; 6:11; 11:22, 24, 32
Gal 1:13, 14; 2:2, 3, 8, 12, 13, 14, 15; 3:1, 14, 28
Eph 2:11; 3:1, 6, 8; 4:17
Phil 3:5; 4:15
Col 1:27; 3:11; 4:16
1Thess 1:1; 2:14, 16; 4:5
2Thess 1:1
1Tim 2:7; 3:16
2Tim 1:11; 4:17
Titus 1:12, 14
Heb 7:11; 11:22, 29
1Pet 4:3, 16
3John 1:7
Rev 2:6, 9, 14, 15; 3:9, 14; 5:5; 7:4, 5, 6, 7, 8; 9:11; 11:2; 16:16; 21:12
