# Every verse containing Personal Pronouns (#244a7f) - 25,426 verses
# Format: Book chapter:verse, verse; chapter:verse ...  (verse 0 = psalm title)

Gen 1:11, 12, 14, 15, 17, 21, 22, 24, 25, 26, 27, 28, 29; 2:1, 4, 7, 15, 16, 17, 18, 19, 20, 21, 22, 23, 24, 25; 3:1, 2, 3, 4, 5, 6, 7, 8, 9, 10, 11, 12, 13, 14, 15, 16, 17, 18, 19, 20, 21, 22, 23; 4:1, 2, 4, 5, 6, 7, 8, 9, 10, 11, 12, 13, 14, 15, 17, 19, 20, 21, 22, 23, 25, 26; 5:1, 2, 3, 4, 5, 7, 8, 10, 11, 13, 14, 16, 17, 18, 19, 20, 22, 24, 26, 27, 29, 30, 31; 6:1, 2, 3, 4, 5, 7, 9, 12, 13, 14, 15, 16, 18, 19, 20, 21, 22; 7:1, 2, 5, 7, 13, 14, 15, 16, 22, 23; 8:1, 6, 7, 8, 9, 10, 11, 12, 16, 17, 18, 19, 21; 9:1, 2, 3, 4, 5, 6, 7, 8, 9, 10, 11, 12, 15, 19, 20, 21, 22, 23, 24, 25, 26, 27, 29; 10:1, 5, 8, 9, 10, 14, 15, 19, 20, 21, 25, 30, 31, 32; 11:2, 3, 4, 6, 7, 8, 9, 11, 13, 15, 17, 19, 21, 23, 25, 28, 29, 30, 31; 12:1, 2, 3, 4, 5, 7, 8, 11, 12, 13, 14, 15, 16, 17, 18, 19, 20; 13:1, 3, 4, 6, 8, 9, 10, 11, 12, 14, 15, 16, 17, 18; 14:4, 5, 6, 7, 8, 10, 11, 12, 13, 14, 15, 16, 17, 18, 19, 20, 21, 22, 23, 24; 15:1, 2, 3, 4, 5, 6, 7, 8, 9, 10, 11, 12, 13, 14, 15, 16, 18; 16:1, 2, 3, 4, 5, 6, 7, 8, 9, 10, 11, 12, 13, 15; 17:1, 2, 3, 4, 5, 6, 7, 8, 9, 10, 11, 12, 13, 14, 15, 16, 17, 19, 20, 21, 22, 23, 24, 25, 26, 27; 18:1, 2, 3, 4, 5, 7, 8, 9, 10, 12, 13, 14, 15, 16, 18, 19, 20, 21, 22, 26, 27, 29, 30, 31, 32, 33; 19:1, 2, 3, 4, 5, 6, 7, 8, 9, 10, 11, 12, 13, 14, 15, 16, 17, 18, 19, 20, 21, 22, 26, 27, 28, 30, 31, 32, 33, 34, 35, 36, 37, 38; 20:2, 3, 4, 5, 6, 7, 8, 9, 10, 11, 12, 13, 14, 15, 16, 17; 21:2, 3, 4, 5, 6, 7, 9, 10, 11, 12, 13, 14, 15, 16, 17, 18, 19, 20, 21, 22, 23, 24, 26, 27, 28, 29, 30, 31, 32; 22:1, 2, 3, 4, 5, 6, 7, 8, 9, 10, 11, 12, 13, 16, 17, 18, 19, 20, 21, 24; 23:2, 3, 4, 5, 6, 7, 8, 9, 10, 11, 12, 13, 14, 15, 16, 18, 19; 24:2, 3, 4, 5, 6, 7, 8, 9, 10, 11, 12, 13, 14, 15, 16, 17, 18, 19, 20, 21, 22, 23, 24, 25, 26, 27, 28, 29, 30, 31, 32, 33, 34, 35, 36, 37, 38, 39, 40, 41, 42, 43, 44, 45, 46, 47, 48, 49, 50, 51, 52, 53, 54, 55, 56, 57, 58, 59, 60, 61, 62, 63, 64, 65, 66, 67; 25:1, 2, 5, 6, 7, 8, 9, 10, 11, 12, 13, 16, 17, 18, 20, 21, 22, 23, 24, 25, 26, 28, 29, 30, 31, 32, 33, 34; 26:2, 3, 4, 7, 8, 9, 10, 11, 12, 13, 14, 15, 16, 17, 18, 20, 21, 22, 23, 24, 25, 26, 27, 28, 29, 30, 31, 32, 33, 34; 27:1, 2, 3, 4, 5, 6, 7, 8, 9, 10, 11, 12, 13, 14, 15, 16, 17, 18, 19, 20, 21, 22, 23, 24, 25, 26, 27, 28, 29, 30, 31, 32, 33, 34, 35, 36, 37, 38, 39, 40, 41, 42, 43, 44, 45, 46; 28:1, 2, 3, 4, 5, 6, 7, 8, 9, 11, 12, 13, 14, 15, 16, 17, 18, 19, 20, 21, 22; 29:1, 2, 3, 4, 5, 6, 7, 8, 9, 10, 11, 12, 13, 14, 15, 18, 19, 20, 21, 23, 24, 25, 26, 27, 28, 29, 30, 31, 32, 33, 34, 35; 30:1, 2, 3, 4, 6, 8, 9, 11, 13, 14, 15, 16, 17, 18, 20, 21, 22, 23, 24, 25, 26, 27, 28, 29, 30, 31, 32, 33, 34, 35, 36, 37, 38, 40, 41, 42; 31:1, 2, 3, 4, 5, 6, 7, 8, 9, 10, 11, 12, 13, 14, 15, 16, 17, 18, 19, 20, 21, 23, 24, 25, 26, 27, 28, 29, 30, 31, 32, 33, 34, 35, 36, 37, 38, 39, 40, 41, 42, 43, 44, 46, 48, 49, 50, 51, 52, 53, 54, 55; 32:1, 2, 3, 4, 5, 6, 7, 9, 10, 11, 12, 13, 15, 16, 17, 18, 19, 20, 21, 22, 23, 24, 25, 26, 27, 28, 29, 30, 31; 33:1, 2, 3, 4, 5, 6, 7, 8, 9, 10, 11, 12, 13, 14, 15, 16, 17, 18, 19, 20; 34:1, 2, 3, 4, 5, 6, 7, 8, 9, 10, 11, 12, 13, 14, 15, 16, 17, 18, 19, 20, 21, 22, 23, 24, 25, 26, 27, 28, 29, 30, 31; 35:1, 2, 3, 4, 5, 6, 7, 8, 9, 10, 11, 12, 13, 14, 15, 16, 17, 18, 20, 21, 22, 26, 27, 29; 36:1, 2, 5, 6, 7, 12, 14, 19, 20, 24, 30, 32, 33, 34, 35, 36, 37, 38, 39, 40, 43; 37:1, 2, 3, 4, 5, 6, 7, 8, 9, 10, 11, 12, 13, 14, 15, 16, 17, 18, 19, 20, 21, 22, 23, 24, 25, 26, 27, 28, 29, 30, 31, 32, 33, 34, 35, 36; 38:1, 2, 3, 4, 5, 6, 7, 8, 9, 10, 11, 12, 13, 14, 15, 16, 17, 18, 19, 20, 21, 22, 23, 24, 25, 26, 27, 28, 29, 30; 39:1, 2, 3, 4, 5, 6, 7, 8, 9, 10, 11, 12, 13, 14, 15, 16, 17, 18, 19, 20, 21, 22, 23; 40:1, 2, 3, 4, 5, 6, 7, 8, 9, 10, 11, 12, 13, 14, 15, 16, 17, 19, 20, 21, 22, 23; 41:1, 2, 3, 5, 6, 8, 9, 10, 11, 12, 13, 14, 15, 16, 17, 18, 19, 21, 22, 23, 24, 27, 28, 30, 33, 34, 35, 37, 38, 39, 40, 41, 42, 43, 44, 45, 46, 48, 49, 50, 51, 52, 55; 42:1, 2, 4, 6, 7, 8, 9, 10, 11, 12, 13, 14, 15, 16, 17, 18, 19, 20, 21, 22, 23, 24, 25, 26, 27, 28, 29, 30, 31, 32, 33, 34, 35, 36, 37, 38; 43:2, 3, 4, 5, 6, 7, 8, 9, 10, 11, 12, 13, 14, 15, 16, 18, 19, 20, 21, 22, 23, 24, 25, 26, 27, 28, 29, 30, 31, 32, 33, 34; 44:1, 2, 3, 4, 5, 6, 7, 8, 9, 10, 11, 12, 13, 14, 15, 16, 17, 18, 19, 20, 21, 22, 23, 24, 25, 26, 27, 28, 29, 30, 31, 32, 33, 34; 45:1, 2, 3, 4, 5, 7, 8, 9, 10, 11, 12, 13, 14, 15, 16, 17, 18, 19, 20, 21, 22, 23, 24, 25, 26, 27, 28; 46:1, 2, 3, 4, 5, 6, 7, 8, 15, 17, 18, 20, 25, 26, 27, 28, 29, 30, 31, 32, 33, 34; 47:1, 2, 3, 4, 5, 6, 7, 8, 9, 11, 12, 14, 15, 16, 17, 18, 19, 20, 21, 22, 23, 24, 25, 27, 29, 30, 31; 48:1, 2, 3, 4, 5, 6, 7, 8, 9, 10, 11, 12, 13, 14, 15, 16, 17, 18, 19, 20, 21, 22; 49:1, 2, 3, 4, 5, 6, 7, 8, 9, 10, 11, 12, 13, 15, 16, 17, 18, 19, 20, 21, 22, 23, 24, 25, 26, 27, 28, 29, 31, 33; 50:1, 2, 3, 4, 5, 6, 7, 8, 9, 10, 11, 12, 13, 14, 15, 16, 17, 18, 19, 20, 21, 22, 24, 25, 26
Exod 1:1, 6, 7, 9, 10, 11, 12, 14, 16, 17, 18, 19, 21, 22; 2:2, 3, 4, 5, 6, 7, 8, 9, 10, 11, 12, 13, 14, 15, 16, 17, 18, 19, 20, 21, 22, 23, 24, 25; 3:1, 2, 3, 4, 5, 6, 7, 8, 9, 10, 11, 12, 13, 14, 15, 16, 17, 18, 19, 20, 21, 22; 4:1, 2, 3, 4, 5, 6, 7, 8, 9, 10, 11, 12, 13, 14, 15, 16, 17, 18, 19, 20, 21, 22, 23, 24, 25, 26, 27, 28, 31; 5:1, 2, 3, 4, 5, 6, 7, 8, 9, 10, 11, 13, 14, 15, 16, 17, 18, 19, 20, 21, 22, 23; 6:1, 2, 3, 4, 5, 6, 7, 8, 9, 11, 12, 13, 14, 16, 17, 19, 20, 23, 25, 26, 27, 29, 30; 7:1, 2, 4, 5, 6, 7, 9, 10, 11, 12, 13, 14, 15, 16, 17, 19, 20, 22, 23, 24; 8:1, 2, 3, 4, 5, 6, 7, 8, 9, 10, 11, 14, 15, 16, 17, 18, 19, 20, 21, 22, 23, 24, 25, 26, 27, 28, 29, 31, 32; 9:1, 2, 3, 7, 8, 10, 12, 13, 14, 15, 16, 17, 19, 20, 21, 22, 23, 27, 28, 29, 30, 32, 33, 34, 35; 10:1, 2, 3, 4, 5, 6, 7, 8, 9, 10, 11, 12, 13, 14, 15, 16, 17, 18, 19, 20, 21, 22, 23, 24, 25, 26, 27, 28, 29; 11:1, 2, 5, 7, 8, 9, 10; 12:2, 3, 4, 5, 6, 7, 8, 9, 10, 11, 13, 14, 15, 16, 17, 18, 19, 20, 21, 22, 23, 24, 25, 26, 27, 28, 29, 30, 31, 32, 33, 34, 35, 36, 38, 39, 40, 42, 44, 46, 48, 49, 50, 51; 13:3, 4, 5, 6, 7, 8, 9, 10, 11, 12, 13, 14, 15, 16, 17, 19, 20, 21; 14:2, 3, 4, 5, 6, 7, 8, 9, 10, 11, 12, 13, 14, 15, 16, 17, 18, 19, 20, 21, 22, 23, 25, 26, 27, 28, 29; 15:1, 2, 4, 5, 7, 9, 10, 11, 12, 13, 15, 16, 17, 19, 20, 21, 22, 23, 24, 25, 26, 27; 16:1, 3, 4, 5, 6, 7, 8, 9, 10, 12, 15, 16, 18, 20, 21, 22, 23, 24, 25, 26, 27, 28, 29, 32, 33, 35; 17:1, 2, 3, 4, 5, 6, 7, 9, 10, 11, 12, 13, 16; 18:1, 2, 3, 4, 5, 6, 7, 8, 9, 10, 11, 14, 15, 16, 17, 18, 19, 20, 21, 22, 23, 24, 25, 26, 27; 19:1, 2, 3, 4, 5, 6, 7, 8, 9, 10, 12, 13, 14, 15, 17, 19, 21, 22, 23, 24, 25; 20:2, 3, 4, 5, 6, 7, 9, 10, 11, 12, 13, 14, 15, 16, 17, 18, 19, 20, 22, 23, 24, 25, 26; 21:1, 2, 3, 4, 5, 6, 7, 8, 9, 10, 11, 12, 13, 14, 15, 16, 17, 18, 19, 20, 21, 22, 23, 26, 27, 28, 29, 30, 31, 32, 34, 35, 36; 22:1, 2, 3, 4, 5, 6, 7, 8, 9, 10, 11, 12, 13, 14, 15, 16, 17, 18, 19, 20, 21, 22, 23, 24, 25, 26, 27, 28, 29, 30, 31; 23:1, 2, 3, 4, 5, 6, 7, 8, 9, 10, 11, 12, 13, 14, 15, 16, 17, 18, 19, 20, 21, 22, 23, 24, 25, 26, 27, 28, 29, 30, 31, 32, 33; 24:1, 2, 3, 5, 6, 7, 8, 10, 11, 12, 13, 14, 18; 25:2, 3, 8, 9, 10, 11, 12, 13, 14, 15, 16, 17, 18, 19, 20, 21, 22, 23, 24, 25, 26, 28, 29, 30, 31, 34, 36, 37, 39, 40; 26:1, 4, 5, 6, 7, 9, 10, 11, 14, 15, 17, 18, 19, 21, 22, 23, 24, 25, 26, 29, 30, 31, 32, 33, 34, 35, 36, 37; 27:1, 2, 3, 4, 5, 6, 8, 9, 10, 11, 12, 14, 15, 16, 17, 18, 20, 21; 28:1, 2, 3, 4, 5, 6, 9, 10, 11, 12, 13, 14, 15, 17, 20, 21, 22, 23, 24, 25, 26, 27, 28, 29, 30, 31, 33, 35, 36, 37, 38, 39, 40, 41, 42, 43; 29:1, 2, 3, 4, 5, 6, 7, 8, 9, 10, 11, 12, 13, 14, 15, 16, 17, 18, 19, 20, 21, 22, 24, 25, 26, 27, 28, 29, 30, 31, 32, 33, 34, 35, 36, 37, 38, 39, 41, 42, 44, 45, 46; 30:1, 3, 4, 5, 6, 7, 8, 9, 10, 12, 13, 14, 15, 16, 18, 19, 20, 21, 23, 25, 26, 27, 28, 29, 30, 31, 32, 33, 34, 35, 36, 37, 38; 31:3, 5, 6, 8, 9, 10, 11, 13, 14, 15, 16, 18; 32:1, 2, 3, 4, 5, 6, 7, 8, 10, 11, 12, 13, 15, 17, 18, 19, 20, 21, 22, 23, 24, 25, 26, 27, 29, 30, 31, 32, 33, 34, 35; 33:1, 2, 3, 4, 5, 6, 8, 10, 11, 12, 13, 14, 15, 16, 17, 18, 19, 20, 21, 22, 23; 34:1, 2, 3, 4, 5, 6, 8, 9, 10, 11, 12, 13, 14, 15, 16, 17, 18, 19, 20, 21, 22, 23, 24, 25, 26, 27, 28, 29, 30, 31, 32, 33, 34, 35; 35:1, 2, 3, 5, 10, 11, 13, 14, 15, 16, 17, 18, 19, 21, 22, 23, 24, 25, 26, 29, 31, 33, 34, 35; 36:1, 2, 3, 4, 5, 6, 7, 8, 10, 11, 12, 13, 14, 16, 17, 18, 19, 20, 22, 23, 24, 25, 26, 27, 28, 29, 30, 31, 33, 34, 35, 36, 37, 38; 37:2, 3, 4, 5, 6, 7, 8, 9, 10, 11, 12, 13, 15, 16, 17, 20, 22, 23, 24, 25, 26, 27, 28, 29; 38:1, 2, 3, 4, 5, 6, 7, 8, 9, 10, 11, 12, 14, 15, 17, 19, 23, 25, 28, 30; 39:1, 2, 3, 4, 5, 6, 7, 8, 9, 10, 13, 14, 15, 16, 17, 18, 19, 20, 21, 22, 24, 25, 27, 30, 31, 32, 33, 39, 40, 41, 43; 40:2, 3, 4, 5, 6, 7, 8, 9, 10, 11, 12, 13, 14, 15, 16, 18, 19, 20, 21, 22, 23, 24, 25, 26, 27, 28, 29, 30, 31, 32, 33, 36, 37, 38
Lev 1:1, 2, 3, 4, 5, 6, 9, 10, 11, 12, 13, 14, 15, 16, 17; 2:1, 2, 3, 4, 5, 6, 7, 8, 10, 11, 12, 13, 14, 15; 3:1, 2, 3, 4, 6, 7, 8, 9, 10, 12, 13, 14, 15, 16, 17; 4:2, 3, 4, 6, 8, 9, 10, 11, 12, 13, 14, 15, 17, 18, 19, 20, 21, 22, 23, 24, 25, 26, 27, 28, 29, 30, 31, 32, 33, 34, 35; 5:1, 2, 3, 4, 5, 6, 7, 8, 9, 10, 11, 12, 13, 15, 16, 17, 18, 19; 6:2, 4, 5, 6, 7, 9, 10, 11, 12, 15, 16, 17, 18, 20, 21, 22, 25, 27; 7:2, 3, 4, 5, 7, 8, 11, 12, 13, 14, 15, 16, 18, 20, 21, 23, 24, 25, 26, 27, 29, 30, 31, 32, 33, 34, 35, 36, 38; 8:2, 3, 4, 6, 7, 8, 9, 10, 11, 12, 13, 14, 15, 16, 17, 18, 19, 20, 21, 22, 23, 24, 25, 26, 27, 28, 30, 31, 32, 33, 34, 35, 36; 9:1, 2, 3, 4, 5, 6, 7, 8, 9, 10, 11, 12, 13, 14, 15, 16, 17, 18, 20, 22, 24; 10:1, 2, 3, 4, 5, 6, 7, 9, 10, 11, 12, 13, 14, 15, 16, 17, 18, 19, 20; 11:1, 2, 3, 4, 5, 6, 7, 8, 9, 10, 11, 12, 13, 14, 15, 16, 19, 20, 21, 22, 23, 24, 25, 26, 27, 28, 29, 31, 32, 33, 35, 36, 37, 38, 39, 40, 42, 43, 44, 45; 12:2, 3, 4, 5, 6, 7, 8; 13:2, 3, 4, 5, 6, 7, 8, 9, 10, 11, 12, 13, 14, 15, 16, 17, 20, 21, 22, 23, 25, 26, 27, 28, 30, 31, 33, 34, 35, 36, 37, 38, 39, 40, 41, 42, 43, 44, 45, 46, 51, 52, 54, 55, 56, 57, 58; 14:2, 4, 6, 7, 8, 9, 10, 11, 12, 13, 14, 15, 16, 17, 18, 19, 20, 21, 22, 23, 24, 25, 26, 27, 28, 29, 30, 31, 32, 34, 35, 36, 37, 40, 41, 42, 43, 45, 46, 47, 49, 50, 51, 52, 53; 15:2, 3, 4, 5, 6, 7, 8, 9, 10, 11, 12, 13, 14, 15, 16, 18, 19, 20, 21, 22, 23, 24, 25, 26, 27, 28, 29, 30, 31, 32, 33; 16:1, 2, 4, 5, 6, 7, 9, 10, 11, 12, 13, 14, 15, 16, 17, 18, 19, 20, 21, 22, 23, 24, 25, 26, 27, 28, 29, 30, 31, 32, 33, 34; 17:2, 4, 5, 7, 8, 9, 10, 11, 12, 13, 14, 15, 16; 18:2, 3, 4, 5, 6, 7, 8, 9, 10, 11, 12, 13, 14, 15, 16, 17, 18, 19, 20, 21, 22, 23, 24, 25, 26, 27, 28, 29, 30; 19:2, 3, 4, 5, 6, 8, 9, 10, 11, 12, 13, 14, 15, 16, 17, 18, 19, 20, 21, 22, 23, 25, 26, 27, 28, 29, 30, 31, 32, 33, 34, 35, 36, 37; 20:2, 3, 4, 5, 6, 7, 8, 9, 10, 11, 12, 13, 14, 15, 16, 17, 18, 19, 20, 21, 22, 23, 24, 25, 26, 27; 21:1, 2, 3, 4, 5, 6, 7, 8, 9, 10, 11, 12, 13, 14, 15, 17, 18, 20, 21, 22, 23, 24; 22:2, 3, 4, 5, 6, 7, 8, 9, 11, 12, 13, 14, 15, 16, 18, 19, 20, 21, 22, 23, 24, 25, 28, 29, 30, 31, 32, 33; 23:2, 3, 4, 6, 7, 8, 10, 11, 12, 14, 15, 16, 17, 18, 19, 20, 21, 22, 24, 25, 27, 28, 29, 30, 31, 32, 35, 36, 37, 38, 39, 40, 41, 42, 43; 24:2, 3, 4, 5, 6, 7, 8, 9, 10, 11, 12, 14, 15, 16, 17, 18, 19, 20, 21, 22, 23; 25:2, 3, 4, 5, 6, 7, 8, 9, 10, 11, 12, 13, 14, 15, 16, 17, 18, 19, 20, 21, 22, 23, 24, 25, 26, 27, 28, 29, 30, 31, 32, 33, 34, 35, 36, 37, 38, 39, 40, 41, 42, 43, 44, 45, 46, 47, 48, 49, 50, 51, 52, 53, 54, 55; 26:1, 2, 3, 4, 5, 6, 7, 8, 9, 10, 11, 12, 13, 14, 15, 16, 17, 18, 19, 20, 21, 22, 23, 24, 25, 26, 27, 28, 29, 30, 31, 32, 33, 34, 35, 36, 37, 38, 39, 40, 41, 43, 44, 45; 27:2, 3, 4, 5, 6, 7, 8, 10, 11, 12, 13, 14, 15, 16, 17, 18, 19, 20, 22, 23, 24, 25, 27, 28, 31, 33
Num 1:1, 2, 3, 4, 5, 16, 17, 18, 19, 20, 21, 22, 23, 24, 25, 26, 27, 28, 29, 30, 31, 32, 33, 34, 35, 36, 37, 38, 39, 40, 41, 42, 43, 44, 45, 47, 49, 50, 52, 54; 2:2, 3, 4, 5, 6, 8, 9, 10, 11, 12, 13, 15, 16, 17, 18, 19, 20, 21, 23, 24, 25, 26, 27, 28, 30, 31, 32, 34; 3:3, 4, 6, 7, 8, 9, 10, 13, 15, 16, 17, 18, 19, 20, 22, 31, 32, 34, 37, 38, 39, 40, 41, 42, 43, 45, 47, 48, 49, 50, 51; 4:2, 5, 7, 8, 9, 10, 11, 12, 13, 14, 15, 18, 19, 20, 22, 23, 25, 26, 27, 28, 29, 30, 31, 32, 33, 34, 36, 37, 38, 40, 41, 42, 44, 45, 46, 48, 49; 5:2, 3, 4, 7, 8, 9, 10, 12, 13, 14, 15, 16, 18, 19, 20, 21, 22, 23, 24, 27, 28, 29, 30, 31; 6:2, 3, 4, 5, 6, 7, 8, 9, 10, 11, 12, 13, 14, 15, 16, 17, 18, 19, 20, 21, 23, 24, 25, 26, 27; 7:1, 2, 3, 5, 6, 7, 8, 9, 10, 11, 12, 13, 19, 25, 31, 37, 43, 49, 55, 61, 67, 73, 79, 87, 89; 8:2, 3, 4, 6, 7, 8, 9, 10, 11, 12, 13, 14, 15, 16, 17, 19, 20, 21, 22, 24, 25, 26; 9:1, 2, 3, 4, 5, 6, 7, 8, 10, 11, 12, 13, 14, 17, 18, 20, 21, 22, 23; 10:2, 3, 4, 5, 6, 7, 8, 9, 10, 12, 13, 14, 18, 21, 22, 25, 28, 29, 30, 31, 32, 33, 34, 35, 36; 11:1, 3, 4, 5, 6, 10, 11, 12, 13, 14, 15, 16, 17, 18, 19, 20, 21, 22, 23, 24, 25, 26, 28, 29, 30, 31, 32, 33, 34; 12:1, 2, 4, 5, 6, 7, 8, 9, 10, 11, 12, 13, 14; 13:2, 3, 4, 17, 18, 19, 20, 21, 22, 23, 25, 26, 27, 28, 30, 31, 32, 33; 14:1, 2, 3, 4, 5, 6, 7, 8, 9, 10, 11, 12, 13, 14, 16, 17, 19, 20, 23, 24, 25, 27, 28, 29, 30, 31, 32, 33, 34, 35, 36, 40, 41, 42, 43, 44, 45; 15:2, 3, 4, 5, 6, 7, 8, 9, 10, 12, 14, 15, 16, 18, 19, 20, 21, 22, 23, 24, 25, 26, 27, 28, 29, 30, 31, 32, 33, 34, 35, 36, 38, 39, 40, 41; 16:2, 3, 4, 5, 6, 7, 8, 9, 10, 11, 12, 13, 14, 15, 16, 17, 18, 19, 21, 22, 24, 25, 26, 27, 28, 29, 30, 31, 32, 33, 34, 37, 38, 39, 40, 41, 42, 45, 46, 47, 48, 49; 17:2, 3, 4, 5, 6, 9, 10, 11, 12, 13; 18:1, 2, 3, 4, 5, 6, 7, 8, 9, 10, 11, 12, 13, 14, 15, 16, 17, 18, 19, 20, 21, 22, 23, 24, 26, 27, 28, 29, 30, 31, 32; 19:2, 3, 4, 5, 7, 8, 9, 10, 11, 12, 13, 16, 17, 18, 19, 20, 21; 20:2, 3, 4, 5, 6, 8, 9, 10, 11, 12, 13, 14, 15, 16, 17, 18, 19, 20, 21, 24, 25, 26, 27, 28, 29; 21:1, 2, 3, 4, 5, 6, 7, 8, 9, 11, 12, 13, 16, 17, 18, 22, 23, 24, 26, 27, 29, 30, 32, 33, 34, 35; 22:3, 4, 5, 6, 7, 8, 9, 10, 11, 12, 13, 14, 15, 16, 17, 18, 19, 20, 21, 22, 23, 25, 27, 28, 29, 30, 31, 32, 33, 34, 35, 36, 37, 38, 39, 40, 41; 23:1, 3, 4, 5, 6, 7, 8, 9, 10, 11, 12, 13, 14, 15, 16, 17, 18, 20, 21, 22, 24, 25, 26, 27, 29; 24:1, 2, 3, 4, 5, 6, 7, 8, 9, 10, 11, 12, 13, 14, 15, 16, 17, 19, 20, 21, 22, 23, 24, 25; 25:2, 3, 4, 5, 6, 7, 8, 11, 12, 13, 15, 17, 18; 26:2, 3, 5, 7, 9, 10, 12, 15, 18, 20, 22, 23, 25, 26, 27, 28, 34, 35, 37, 38, 41, 42, 43, 44, 47, 48, 50, 54, 55, 57, 59, 61, 62, 63, 64, 65; 27:1, 2, 3, 4, 5, 7, 8, 9, 10, 11, 12, 13, 14, 17, 18, 19, 20, 21, 22, 23; 28:2, 3, 4, 7, 8, 10, 11, 14, 15, 18, 19, 20, 21, 22, 23, 24, 25, 26, 27, 28, 30, 31; 29:1, 2, 3, 5, 6, 7, 8, 9, 11, 12, 13, 14, 16, 17, 18, 19, 21, 22, 24, 25, 27, 28, 30, 31, 33, 34, 35, 36, 37, 38, 39; 30:2, 3, 4, 5, 6, 7, 8, 9, 10, 11, 12, 13, 14, 15, 16; 31:2, 3, 4, 6, 7, 8, 9, 10, 11, 12, 13, 15, 17, 18, 19, 20, 23, 24, 26, 27, 29, 30, 35, 36, 47, 49, 50, 51, 52, 53; 32:1, 4, 5, 6, 7, 8, 9, 11, 12, 13, 14, 15, 16, 17, 18, 19, 20, 21, 22, 23, 24, 25, 26, 27, 28, 29, 30, 31, 32, 33, 38, 40, 41, 42; 33:1, 2, 3, 4, 6, 7, 8, 9, 10, 11, 12, 13, 14, 15, 16, 17, 18, 19, 20, 21, 22, 23, 24, 25, 26, 27, 28, 29, 30, 31, 32, 33, 34, 35, 36, 37, 39, 41, 42, 43, 44, 45, 46, 47, 48, 49, 51, 52, 53, 54, 55, 56; 34:2, 3, 4, 6, 7, 8, 9, 10, 12, 13, 14, 15, 17, 18, 29; 35:2, 3, 4, 5, 6, 7, 8, 10, 11, 12, 13, 14, 15, 16, 17, 18, 19, 20, 21, 22, 23, 25, 26, 27, 28, 29, 30, 31, 32, 33, 34; 36:2, 3, 4, 6, 7, 8, 9, 11, 12
Deut 1:3, 4, 6, 7, 8, 9, 10, 11, 12, 13, 14, 15, 16, 17, 18, 19, 20, 21, 22, 23, 24, 25, 26, 27, 28, 29, 30, 31, 32, 33, 34, 35, 36, 37, 38, 39, 40, 41, 42, 43, 44, 45, 46; 2:1, 2, 3, 4, 5, 6, 7, 8, 9, 11, 12, 13, 14, 15, 17, 18, 19, 20, 21, 22, 23, 24, 25, 26, 27, 28, 29, 30, 31, 32, 33, 34, 35, 36, 37; 3:1, 2, 3, 4, 6, 7, 8, 11, 12, 13, 14, 15, 16, 18, 19, 20, 21, 22, 23, 25, 26, 27, 28, 29; 4:1, 2, 3, 4, 5, 6, 7, 8, 9, 10, 11, 12, 13, 14, 15, 16, 19, 20, 21, 22, 23, 24, 25, 26, 27, 28, 29, 30, 31, 32, 33, 34, 35, 36, 37, 38, 39, 40, 42, 45, 46, 47; 5:1, 2, 3, 4, 5, 6, 7, 8, 9, 10, 11, 12, 13, 14, 15, 16, 17, 18, 19, 20, 21, 22, 23, 24, 25, 26, 27, 28, 29, 30, 31, 32, 33; 6:1, 2, 3, 4, 5, 6, 7, 8, 9, 10, 11, 12, 13, 14, 15, 16, 17, 18, 19, 20, 21, 22, 23, 24, 25; 7:1, 2, 3, 4, 5, 6, 7, 8, 9, 10, 11, 12, 13, 14, 15, 16, 17, 18, 19, 20, 21, 22, 23, 24, 25, 26; 8:1, 2, 3, 4, 5, 6, 7, 9, 10, 11, 12, 13, 14, 15, 16, 17, 18, 19, 20; 9:1, 2, 3, 4, 5, 6, 7, 8, 9, 10, 11, 12, 13, 14, 15, 16, 17, 18, 19, 20, 21, 22, 23, 24, 25, 26, 27, 28, 29; 10:1, 2, 3, 4, 5, 6, 7, 9, 10, 11, 12, 13, 14, 15, 16, 17, 18, 19, 20, 21, 22; 11:1, 2, 3, 4, 5, 6, 7, 8, 9, 10, 11, 12, 13, 14, 15, 16, 17, 18, 19, 20, 21, 22, 23, 24, 25, 26, 27, 28, 29, 30, 31, 32; 12:1, 2, 3, 4, 5, 6, 7, 8, 9, 10, 11, 12, 13, 14, 15, 16, 17, 18, 19, 20, 21, 22, 23, 24, 25, 26, 27, 28, 29, 30, 31, 32; 13:1, 2, 3, 4, 5, 6, 7, 8, 9, 10, 11, 12, 13, 14, 15, 16, 17, 18; 14:1, 2, 3, 4, 6, 7, 8, 9, 10, 11, 12, 13, 14, 15, 18, 19, 20, 21, 22, 23, 24, 25, 26, 27, 28, 29; 15:1, 2, 3, 4, 5, 6, 7, 8, 9, 10, 11, 12, 13, 14, 15, 16, 17, 18, 19, 20, 21, 22, 23; 16:1, 2, 3, 4, 5, 6, 7, 8, 9, 10, 11, 12, 13, 14, 15, 16, 17, 18, 19, 20, 21, 22; 17:1, 2, 3, 4, 5, 6, 7, 8, 9, 10, 11, 12, 14, 15, 16, 17, 18, 19, 20; 18:1, 2, 3, 4, 5, 6, 7, 8, 9, 10, 12, 13, 14, 15, 16, 17, 18, 19, 20, 21, 22; 19:1, 2, 3, 4, 5, 6, 7, 8, 9, 10, 11, 12, 13, 14, 15, 16, 17, 18, 19, 20, 21; 20:1, 2, 3, 4, 5, 6, 7, 8, 9, 10, 11, 12, 13, 14, 15, 16, 17, 18, 19, 20; 21:1, 2, 5, 6, 7, 8, 9, 10, 11, 12, 13, 14, 15, 16, 17, 18, 19, 20, 21, 22, 23; 22:1, 2, 3, 4, 5, 6, 7, 8, 9, 10, 11, 12, 13, 14, 15, 16, 17, 18, 19, 21, 22, 23, 24, 25, 26, 27, 28, 29, 30; 23:1, 2, 3, 4, 5, 6, 7, 8, 9, 10, 11, 12, 13, 14, 15, 16, 18, 19, 20, 21, 22, 23, 24, 25; 24:1, 2, 3, 4, 5, 6, 7, 8, 9, 10, 11, 12, 13, 14, 15, 16, 17, 18, 19, 20, 21, 22; 25:1, 2, 3, 4, 5, 6, 7, 8, 9, 10, 11, 12, 13, 14, 15, 16, 17, 18, 19; 26:1, 2, 3, 4, 5, 6, 7, 8, 9, 10, 11, 12, 13, 14, 15, 16, 17, 18, 19; 27:1, 2, 3, 4, 5, 6, 7, 8, 9, 10, 12, 16, 17, 18, 19, 20, 21, 22, 23, 24, 25, 26; 28:1, 2, 3, 4, 5, 6, 7, 8, 9, 10, 11, 12, 13, 14, 15, 16, 17, 18, 19, 20, 21, 22, 23, 24, 25, 26, 27, 28, 29, 30, 31, 32, 33, 34, 35, 36, 37, 38, 39, 40, 41, 42, 43, 44, 45, 46, 47, 48, 49, 51, 52, 53, 54, 55, 56, 57, 58, 59, 60, 61, 62, 63, 64, 65, 66, 67, 68; 29:1, 2, 3, 4, 5, 6, 7, 8, 9, 10, 11, 12, 13, 14, 15, 16, 17, 18, 19, 20, 21, 22, 25, 26, 28, 29; 30:1, 2, 3, 4, 5, 6, 7, 8, 9, 10, 11, 12, 13, 14, 15, 16, 17, 18, 19, 20; 31:2, 3, 4, 5, 6, 7, 8, 10, 11, 12, 13, 14, 16, 17, 18, 19, 20, 21, 23, 24, 26, 27, 28, 29, 30; 32:1, 2, 3, 5, 6, 7, 8, 10, 11, 12, 13, 14, 15, 16, 17, 18, 19, 20, 21, 22, 23, 24, 26, 27, 28, 29, 30, 31, 32, 33, 35, 36, 37, 38, 41, 43, 44, 46, 47, 49, 50, 51, 52; 33:1, 2, 3, 4, 6, 7, 8, 9, 10, 11, 12, 13, 16, 17, 18, 19, 20, 21, 22, 23, 24, 25, 26, 27, 28, 29; 34:1, 4, 6, 7, 9, 10, 11
Josh 1:2, 3, 4, 5, 6, 7, 8, 9, 11, 13, 14, 15, 16, 17, 18; 2:1, 3, 4, 5, 6, 7, 8, 9, 10, 11, 12, 13, 14, 15, 16, 17, 18, 19, 20, 21, 22, 23, 24; 3:1, 3, 4, 5, 6, 7, 8, 9, 10, 11, 12, 13, 14, 15; 4:2, 3, 4, 5, 6, 7, 8, 9, 12, 14, 16, 17, 18, 20, 21, 22, 23, 24; 5:1, 2, 3, 4, 5, 6, 7, 8, 9, 11, 12, 13, 14, 15; 6:2, 3, 4, 5, 6, 7, 8, 10, 11, 13, 14, 15, 16, 17, 18, 19, 20, 21, 22, 23, 24, 25, 26, 27; 7:2, 3, 4, 5, 6, 7, 8, 9, 10, 11, 12, 13, 14, 15, 16, 17, 18, 19, 20, 21, 22, 23, 24, 25, 26; 8:1, 2, 3, 4, 5, 6, 7, 8, 9, 10, 11, 12, 13, 14, 15, 16, 17, 18, 19, 20, 21, 22, 23, 24, 26, 27, 29, 31, 32, 33, 34, 35; 9:2, 4, 5, 6, 7, 8, 9, 11, 12, 13, 14, 15, 16, 17, 18, 19, 20, 21, 22, 23, 24, 25, 26, 27; 10:1, 2, 4, 5, 6, 7, 8, 9, 10, 11, 12, 13, 15, 16, 18, 19, 20, 21, 22, 23, 24, 25, 26, 27, 28, 29, 30, 31, 32, 33, 34, 35, 36, 37, 38, 39, 40, 41, 42, 43; 11:1, 4, 5, 6, 7, 8, 9, 11, 12, 13, 14, 15, 17, 19, 20, 21, 23; 12:1, 2, 6, 7; 13:1, 6, 8, 12, 14, 15, 16, 17, 21, 22, 23, 24, 25, 27, 28, 29, 30, 31, 33; 14:1, 2, 3, 4, 5, 6, 7, 8, 9, 10, 11, 12, 13, 14; 15:1, 2, 4, 5, 12, 13, 15, 16, 17, 18, 19, 20, 32, 36, 41, 44, 45, 47, 51, 54, 57, 59, 60, 62, 63; 16:4, 5, 8, 9, 10; 17:1, 2, 3, 4, 6, 10, 11, 13, 14, 15, 16, 17, 18; 18:1, 2, 3, 4, 5, 6, 7, 8, 10, 11, 12, 20, 21, 24, 28; 19:1, 2, 6, 7, 8, 9, 10, 11, 15, 16, 17, 18, 22, 23, 24, 30, 31, 32, 33, 38, 39, 40, 41, 47, 48, 49, 50, 51; 20:2, 3, 4, 5, 6, 7, 8, 9; 21:2, 3, 7, 8, 9, 10, 11, 12, 13, 14, 15, 16, 17, 18, 19, 20, 21, 22, 23, 24, 25, 26, 27, 28, 29, 30, 31, 32, 33, 34, 35, 36, 37, 38, 39, 40, 41, 42, 43, 44; 22:2, 3, 4, 5, 6, 7, 8, 9, 10, 12, 14, 15, 16, 17, 18, 19, 20, 22, 23, 24, 25, 26, 27, 28, 29, 30, 31, 32, 33, 34; 23:1, 2, 3, 4, 5, 6, 7, 8, 9, 10, 11, 12, 13, 14, 15, 16; 24:1, 2, 3, 4, 5, 6, 7, 8, 9, 10, 11, 12, 13, 14, 15, 16, 17, 18, 19, 20, 21, 22, 23, 24, 25, 27, 28, 30, 31, 32, 33
Judg 1:1, 2, 3, 4, 5, 6, 7, 10, 11, 12, 13, 14, 15, 16, 17, 19, 20, 22, 24, 25, 27, 28, 29, 30, 32, 33, 34, 35; 2:1, 2, 3, 4, 5, 6, 7, 9, 10, 12, 13, 14, 15, 16, 17, 18, 19, 20, 21, 22, 23; 3:1, 2, 4, 6, 7, 8, 9, 10, 12, 13, 15, 16, 17, 18, 19, 20, 21, 22, 23, 24, 25, 26, 27, 28, 29, 31; 4:2, 3, 4, 5, 6, 7, 8, 9, 10, 11, 12, 13, 14, 15, 17, 18, 19, 20, 21, 22, 24; 5:2, 3, 7, 8, 9, 10, 11, 12, 13, 14, 15, 16, 17, 18, 19, 20, 21, 22, 23, 24, 25, 26, 27, 28, 29, 30, 31; 6:1, 2, 3, 4, 5, 8, 9, 10, 11, 12, 13, 14, 15, 16, 17, 18, 19, 20, 21, 22, 23, 25, 26, 27, 29, 30, 31, 32, 34, 35, 36, 37, 38, 39; 7:1, 2, 3, 4, 5, 6, 7, 8, 9, 10, 11, 12, 13, 14, 15, 16, 17, 18, 19, 20, 21, 22, 23, 24, 25; 8:1, 2, 3, 4, 5, 6, 7, 8, 9, 10, 11, 12, 14, 15, 16, 17, 18, 19, 20, 21, 22, 23, 24, 25, 26, 27, 28, 29, 30, 31, 32, 33, 34, 35; 9:1, 2, 3, 4, 5, 7, 8, 9, 10, 11, 12, 13, 14, 15, 16, 17, 18, 19, 21, 24, 25, 26, 27, 28, 29, 30, 31, 32, 33, 34, 35, 36, 38, 40, 41, 42, 43, 44, 45, 46, 48, 49, 51, 53, 54, 55, 56, 57; 10:1, 2, 3, 4, 7, 8, 10, 11, 12, 13, 14, 15, 16, 17, 18; 11:1, 2, 3, 6, 7, 8, 9, 10, 11, 12, 13, 15, 17, 18, 19, 20, 21, 22, 23, 24, 25, 26, 27, 28, 29, 30, 31, 32, 33, 34, 35, 36, 37, 38, 39; 12:1, 2, 3, 4, 5, 6, 8, 9, 11, 13, 14; 13:1, 2, 3, 4, 5, 6, 7, 8, 9, 10, 11, 12, 13, 14, 15, 16, 17, 18, 19, 20, 21, 22, 23, 24, 25; 14:2, 3, 4, 5, 6, 7, 8, 9, 10, 11, 12, 13, 14, 15, 16, 17, 18, 19, 20; 15:1, 2, 3, 5, 6, 7, 8, 9, 10, 11, 12, 13, 14, 15, 16, 17, 18, 19, 20; 16:1, 2, 3, 4, 5, 6, 7, 8, 9, 10, 11, 12, 13, 14, 15, 16, 17, 18, 19, 20, 21, 22, 23, 24, 25, 26, 28, 29, 30, 31; 17:1, 2, 3, 4, 5, 6, 7, 8, 9, 10, 11, 12, 13; 18:1, 2, 3, 4, 5, 6, 7, 8, 9, 10, 12, 13, 14, 15, 16, 18, 19, 20, 21, 22, 23, 24, 25, 26, 27, 28, 29, 30, 31; 19:1, 2, 3, 4, 5, 6, 7, 8, 9, 10, 11, 12, 13, 14, 15, 16, 17, 18, 19, 20, 21, 22, 23, 24, 25, 26, 27, 28, 29, 30; 20:2, 3, 4, 5, 6, 7, 8, 9, 10, 12, 13, 14, 18, 20, 22, 23, 25, 28, 30, 31, 32, 33, 34, 36, 37, 38, 39, 40, 41, 42, 43, 45, 48; 21:1, 2, 5, 6, 7, 8, 10, 11, 12, 13, 14, 15, 16, 17, 18, 19, 20, 21, 22, 23, 24, 25
Ruth 1:1, 2, 3, 4, 5, 6, 7, 8, 9, 10, 11, 12, 13, 14, 15, 16, 17, 18, 19, 20, 21, 22; 2:1, 2, 3, 4, 5, 7, 8, 9, 10, 11, 12, 13, 14, 15, 16, 17, 18, 19, 20, 21, 22, 23; 3:1, 2, 3, 4, 5, 6, 7, 8, 9, 10, 11, 12, 13, 14, 15, 16, 17, 18; 4:1, 2, 3, 4, 5, 6, 7, 8, 9, 10, 11, 12, 13, 14, 15, 16, 17
1Sam 1:1, 2, 3, 4, 5, 6, 7, 8, 9, 10, 11, 12, 13, 14, 15, 16, 17, 18, 19, 20, 21, 22, 23, 24, 25, 26, 27, 28; 2:1, 2, 3, 4, 5, 8, 10, 11, 12, 13, 14, 15, 16, 19, 20, 21, 22, 23, 24, 25, 27, 28, 29, 30, 31, 32, 33, 34, 35, 36; 3:2, 4, 5, 6, 7, 8, 9, 12, 13, 16, 17, 18, 19; 4:2, 3, 4, 6, 7, 8, 9, 10, 12, 13, 14, 15, 16, 17, 18, 19, 20, 21, 22; 5:2, 3, 4, 6, 7, 8, 9, 10, 11; 6:2, 3, 4, 5, 6, 7, 8, 9, 10, 11, 12, 13, 14, 15, 16, 18, 19, 20, 21; 7:1, 3, 5, 6, 7, 8, 9, 10, 11, 12, 13, 15, 16, 17; 8:1, 2, 3, 4, 5, 6, 7, 8, 9, 10, 11, 12, 13, 14, 15, 16, 17, 18, 19, 20, 21, 22; 9:1, 2, 3, 4, 5, 6, 7, 8, 9, 10, 11, 12, 13, 14, 15, 16, 17, 18, 19, 20, 21, 22, 23, 24, 25, 26, 27; 10:1, 2, 3, 4, 5, 6, 7, 8, 9, 10, 11, 12, 13, 14, 15, 16, 18, 19, 21, 22, 23, 24, 25, 26, 27; 11:1, 2, 3, 4, 5, 6, 7, 8, 9, 10, 11, 12, 14, 15; 12:1, 2, 3, 4, 5, 6, 7, 8, 9, 10, 11, 12, 13, 14, 15, 16, 17, 19, 20, 21, 22, 23, 24, 25; 13:1, 2, 5, 6, 7, 8, 9, 10, 11, 12, 13, 14, 15, 16, 19, 20, 21, 22; 14:1, 2, 6, 7, 8, 9, 10, 11, 12, 13, 14, 15, 16, 17, 19, 20, 21, 22, 24, 25, 26, 27, 28, 29, 30, 31, 32, 33, 34, 35, 36, 37, 38, 39, 40, 42, 43, 44, 45, 46, 47, 48, 49, 50, 52; 15:1, 2, 3, 4, 6, 7, 8, 9, 11, 12, 13, 14, 15, 16, 17, 18, 19, 20, 21, 23, 24, 25, 26, 27, 28, 30, 32, 33, 34, 35; 16:1, 2, 3, 4, 5, 6, 7, 8, 9, 10, 11, 12, 13, 14, 15, 16, 17, 18, 19, 20, 21, 22, 23; 17:1, 3, 4, 5, 6, 7, 8, 9, 10, 11, 12, 13, 15, 16, 17, 18, 19, 20, 22, 23, 24, 25, 26, 27, 28, 29, 30, 31, 32, 33, 34, 35, 36, 37, 38, 39, 40, 41, 42, 43, 44, 45, 46, 47, 49, 50, 51, 52, 53, 54, 55, 56, 57, 58; 18:1, 2, 3, 4, 5, 6, 7, 8, 10, 11, 12, 13, 14, 15, 16, 17, 18, 19, 20, 21, 22, 23, 24, 25, 26, 27, 28, 30; 19:1, 2, 3, 4, 5, 6, 7, 8, 9, 10, 11, 12, 13, 14, 15, 16, 17, 18, 20, 21, 22, 23, 24; 20:1, 2, 3, 4, 5, 6, 7, 8, 9, 10, 11, 12, 13, 14, 15, 17, 18, 19, 20, 21, 22, 23, 24, 25, 26, 27, 28, 29, 30, 31, 32, 33, 34, 35, 36, 37, 38, 40, 41, 42; 21:1, 2, 3, 4, 5, 6, 7, 8, 9, 11, 12, 13, 14, 15; 22:1, 2, 3, 4, 5, 6, 7, 8, 9, 10, 11, 12, 13, 14, 15, 16, 17, 18, 19, 22, 23; 23:1, 2, 3, 4, 5, 6, 7, 8, 9, 10, 11, 12, 13, 14, 15, 16, 17, 18, 19, 20, 21, 22, 23, 24, 25, 26, 27, 28; 24:1, 2, 3, 4, 5, 6, 7, 8, 9, 10, 11, 12, 13, 14, 15, 16, 17, 18, 19, 20, 21, 22; 25:1, 2, 3, 4, 5, 6, 7, 8, 9, 10, 11, 12, 13, 14, 15, 16, 17, 18, 19, 20, 21, 22, 23, 24, 25, 26, 27, 28, 29, 30, 31, 32, 33, 34, 35, 36, 37, 38, 39, 40, 41, 42, 43, 44; 26:1, 2, 3, 5, 6, 7, 8, 9, 10, 11, 12, 13, 14, 15, 16, 17, 18, 19, 20, 21, 23, 24, 25; 27:1, 2, 3, 4, 5, 6, 8, 10, 11, 12; 28:1, 2, 3, 4, 5, 6, 7, 8, 9, 10, 11, 12, 13, 14, 15, 16, 17, 18, 19, 20, 21, 22, 23, 24, 25; 29:1, 2, 3, 4, 5, 6, 7, 8, 9, 10, 11; 30:1, 2, 3, 4, 6, 7, 8, 9, 10, 11, 12, 13, 14, 15, 16, 17, 18, 19, 20, 21, 22, 23, 24, 25, 26, 27, 28, 29, 30, 31; 31:2, 3, 4, 5, 6, 7, 8, 9, 10, 12, 13
2Sam 1:2, 3, 4, 5, 6, 7, 8, 9, 10, 11, 12, 13, 14, 15, 16, 17, 18, 19, 21, 23, 24, 25, 26; 2:1, 2, 3, 4, 5, 6, 7, 8, 9, 10, 13, 14, 16, 19, 20, 21, 22, 23, 24, 25, 26, 27, 28, 29, 30, 32; 3:2, 3, 6, 7, 8, 9, 11, 12, 13, 14, 15, 16, 17, 18, 20, 21, 22, 23, 24, 25, 26, 27, 28, 29, 30, 31, 32, 34, 35, 36, 38, 39; 4:1, 4, 5, 6, 7, 8, 9, 10, 11, 12; 5:1, 2, 3, 4, 5, 6, 8, 10, 11, 12, 13, 14, 17, 18, 19, 20, 21, 22, 23, 24, 25; 6:2, 3, 4, 6, 7, 8, 9, 10, 11, 12, 13, 14, 16, 17, 18, 19, 20, 21, 22, 23; 7:1, 2, 3, 5, 7, 8, 9, 10, 11, 12, 13, 14, 15, 16, 18, 21, 22, 23, 24, 25, 27; 8:1, 2, 3, 4, 6, 7, 10, 11, 13, 14, 15; 9:1, 2, 3, 4, 5, 6, 7, 8, 9, 10, 11, 12, 13; 10:1, 2, 3, 4, 5, 6, 7, 8, 9, 10, 11, 12, 13, 14, 15, 16, 17, 18, 19; 11:1, 2, 4, 5, 6, 7, 8, 9, 10, 11, 12, 13, 15, 16, 19, 20, 21, 22, 23, 24, 25, 26, 27; 12:1, 3, 4, 5, 6, 7, 8, 9, 10, 11, 12, 13, 14, 15, 17, 18, 19, 20, 21, 22, 23, 24, 25, 27, 28, 30, 31; 13:1, 2, 3, 4, 5, 6, 7, 8, 9, 10, 11, 12, 13, 14, 15, 16, 17, 18, 19, 20, 21, 22, 24, 25, 26, 27, 28, 29, 30, 31, 32, 33, 34, 35, 36, 37, 39; 14:2, 3, 4, 5, 6, 7, 8, 9, 10, 11, 12, 13, 14, 15, 16, 17, 18, 19, 20, 21, 22, 24, 25, 26, 27, 29, 30, 31, 32, 33; 15:1, 2, 3, 4, 5, 7, 8, 9, 10, 11, 12, 14, 15, 16, 17, 18, 19, 20, 21, 22, 23, 24, 25, 26, 27, 28, 29, 30, 31, 32, 33, 34, 35, 36; 16:1, 2, 3, 4, 5, 6, 7, 8, 9, 10, 11, 12, 13, 14, 15, 17, 18, 19, 20, 21, 22, 23; 17:1, 2, 3, 5, 6, 8, 9, 10, 11, 12, 13, 15, 16, 17, 18, 20, 21, 22, 23, 24, 25, 29; 18:1, 2, 3, 4, 5, 9, 10, 11, 12, 13, 14, 15, 17, 18, 19, 20, 21, 22, 23, 24, 25, 26, 27, 28, 29, 30, 31, 32, 33; 19:2, 3, 4, 5, 6, 7, 8, 9, 10, 11, 12, 13, 14, 17, 18, 19, 20, 21, 22, 23, 24, 25, 26, 27, 28, 29, 30, 31, 32, 33, 34, 35, 36, 37, 38, 39, 40, 41, 42, 43; 20:1, 2, 3, 4, 5, 6, 7, 8, 9, 10, 11, 12, 13, 14, 15, 16, 17, 18, 19, 20, 21, 22; 21:1, 2, 3, 4, 5, 6, 7, 8, 9, 10, 12, 13, 14, 15, 16, 17, 19, 20, 21, 22; 22:1, 2, 3, 4, 5, 6, 7, 15, 17, 18, 19, 20, 21, 22, 23, 24, 25, 28, 29, 30, 31, 32, 33, 34, 35, 36, 37, 38, 39, 40, 41, 42, 43, 44, 45, 46, 47, 48, 49, 50, 51; 23:1, 2, 3, 4, 5, 6, 7, 8, 9, 10, 11, 12, 15, 16, 17, 18, 19, 20, 21, 23; 24:1, 2, 3, 5, 6, 7, 8, 10, 12, 13, 14, 16, 17, 18, 20, 21, 22, 23, 24
1Kgs 1:1, 2, 3, 4, 5, 6, 7, 9, 10, 11, 12, 13, 14, 16, 17, 18, 19, 20, 21, 22, 23, 24, 25, 26, 27, 28, 29, 30, 31, 32, 33, 34, 35, 36, 37, 38, 39, 40, 41, 42, 43, 44, 45, 47, 48, 49, 51, 52, 53; 2:1, 2, 3, 4, 5, 6, 7, 8, 9, 10, 11, 12, 13, 14, 15, 16, 17, 18, 19, 20, 21, 22, 23, 24, 25, 26, 27, 28, 29, 30, 31, 32, 33, 34, 35, 36, 37, 38, 39, 40, 42, 43, 44, 46; 3:1, 3, 5, 6, 7, 9, 11, 12, 13, 14, 15, 16, 17, 18, 19, 20, 21, 22, 23, 24, 26, 27, 28; 4:2, 7, 8, 10, 12, 13, 15, 19, 21, 24, 25, 26, 27, 28, 31, 32, 33, 34; 5:1, 3, 4, 5, 6, 7, 8, 9, 10, 11, 12, 14, 17, 18; 6:1, 4, 5, 6, 8, 9, 10, 12, 15, 16, 19, 20, 21, 22, 23, 27, 28, 29, 30, 31, 32, 33, 35, 36, 38; 7:1, 2, 6, 7, 8, 14, 15, 16, 18, 21, 23, 25, 27, 28, 31, 33, 36, 37, 38, 39, 40, 46, 47, 51; 8:1, 2, 4, 5, 6, 7, 8, 9, 13, 14, 15, 17, 18, 19, 20, 21, 22, 23, 24, 25, 26, 27, 28, 30, 31, 32, 33, 34, 35, 36, 37, 38, 39, 40, 42, 43, 44, 45, 46, 47, 48, 49, 50, 51, 52, 53, 54, 55, 57, 58, 59, 61, 62, 63, 64, 65, 66; 9:1, 2, 3, 4, 5, 6, 7, 8, 9, 11, 12, 13, 15, 16, 19, 21, 22, 24, 25, 27, 28; 10:1, 2, 3, 4, 5, 6, 7, 8, 9, 10, 13, 15, 17, 24, 25, 26, 27, 29; 11:2, 3, 4, 6, 8, 9, 10, 11, 12, 13, 14, 15, 16, 17, 18, 19, 20, 21, 22, 23, 24, 25, 26, 27, 28, 29, 30, 31, 32, 33, 34, 35, 36, 37, 38, 41, 43; 12:1, 2, 3, 4, 5, 6, 7, 8, 9, 10, 11, 12, 13, 14, 16, 17, 18, 20, 21, 24, 26, 27, 28, 29, 31, 32, 33; 13:2, 3, 4, 6, 7, 8, 9, 10, 11, 12, 13, 14, 15, 16, 17, 18, 19, 20, 21, 22, 23, 24, 25, 26, 27, 28, 29, 30, 31, 32, 33; 14:2, 3, 4, 5, 6, 7, 8, 9, 10, 11, 12, 13, 14, 15, 16, 17, 18, 19, 20, 21, 22, 23, 24, 26, 27, 28, 29, 30, 31; 15:2, 3, 4, 5, 6, 7, 8, 10, 11, 12, 13, 14, 15, 16, 17, 18, 19, 20, 21, 22, 23, 24, 26, 27, 28, 29, 30, 31, 32, 34; 16:2, 3, 4, 5, 6, 7, 9, 10, 11, 13, 14, 17, 18, 19, 20, 21, 23, 24, 25, 26, 27, 28, 30, 31, 32, 33, 34; 17:1, 2, 3, 4, 5, 6, 8, 9, 10, 11, 12, 13, 15, 17, 18, 19, 20, 21, 22, 23, 24; 18:1, 2, 3, 4, 5, 6, 7, 8, 9, 10, 11, 12, 13, 14, 15, 16, 17, 18, 19, 21, 22, 23, 24, 25, 26, 27, 28, 29, 30, 31, 32, 33, 34, 35, 36, 37, 39, 40, 41, 42, 43, 44, 46; 19:1, 2, 3, 4, 5, 6, 7, 8, 9, 10, 13, 14, 15, 16, 17, 18, 19, 20, 21; 20:1, 2, 3, 4, 5, 6, 7, 8, 9, 10, 11, 12, 13, 14, 15, 16, 17, 18, 19, 20, 22, 23, 24, 25, 27, 28, 29, 31, 32, 33, 34, 35, 36, 37, 38, 39, 40, 41, 42, 43; 21:2, 3, 4, 5, 6, 7, 8, 9, 10, 11, 12, 13, 14, 15, 18, 19, 20, 21, 22, 24, 25, 26, 27, 29; 22:1, 3, 4, 5, 6, 7, 8, 10, 11, 13, 14, 15, 16, 17, 18, 19, 20, 21, 22, 23, 24, 25, 26, 27, 28, 30, 31, 32, 33, 34, 35, 36, 37, 38, 39, 40, 42, 43, 45, 46, 48, 49, 50, 52, 53
2Kgs 1:2, 3, 4, 5, 6, 7, 8, 9, 10, 11, 12, 13, 14, 15, 16, 17, 18; 2:2, 3, 4, 5, 6, 7, 8, 9, 10, 11, 12, 13, 14, 15, 16, 17, 18, 19, 20, 21, 22, 23, 24, 25; 3:2, 3, 7, 8, 9, 10, 11, 12, 13, 14, 15, 16, 17, 18, 19, 21, 22, 23, 24, 25, 26, 27; 4:1, 2, 3, 4, 5, 6, 7, 8, 9, 10, 11, 12, 13, 14, 15, 16, 17, 18, 19, 20, 21, 22, 23, 24, 25, 26, 27, 28, 29, 30, 31, 32, 33, 34, 35, 36, 37, 38, 39, 40, 41, 42, 43, 44; 5:1, 2, 3, 4, 5, 6, 7, 8, 9, 10, 11, 12, 13, 14, 15, 16, 17, 18, 19, 20, 21, 22, 23, 24, 25, 26, 27; 6:1, 2, 3, 4, 5, 6, 7, 8, 9, 10, 11, 12, 13, 14, 15, 16, 17, 18, 19, 20, 21, 22, 23, 24, 25, 26, 27, 28, 29, 30, 31, 32, 33; 7:1, 2, 3, 4, 5, 6, 7, 8, 9, 10, 11, 12, 13, 14, 15, 17, 19, 20; 8:1, 2, 3, 4, 5, 6, 7, 8, 9, 10, 11, 12, 13, 14, 15, 17, 18, 19, 20, 21, 23, 24, 26, 27, 28, 29; 9:1, 2, 3, 5, 6, 7, 8, 10, 11, 12, 13, 14, 15, 17, 18, 19, 20, 21, 22, 23, 24, 25, 26, 27, 28, 30, 31, 32, 33, 34, 35, 36, 37; 10:1, 2, 3, 4, 5, 6, 7, 8, 9, 11, 12, 13, 14, 15, 16, 17, 18, 19, 20, 21, 22, 23, 24, 25, 26, 27, 29, 30, 31, 32, 34, 35; 11:1, 2, 3, 4, 5, 6, 7, 8, 9, 11, 12, 13, 14, 15, 16, 17, 18, 19, 20, 21; 12:1, 2, 5, 7, 10, 11, 14, 15, 17, 18, 19, 20, 21; 13:2, 3, 4, 5, 6, 7, 8, 9, 11, 12, 13, 14, 15, 16, 17, 18, 19, 20, 21, 23, 24, 25; 14:2, 3, 5, 6, 7, 8, 9, 10, 11, 12, 14, 15, 16, 18, 19, 20, 21, 22, 24, 25, 27, 28, 29; 15:2, 3, 5, 6, 7, 9, 10, 11, 12, 13, 14, 15, 16, 18, 19, 21, 22, 24, 25, 26, 28, 29, 30, 31, 33, 34, 35, 36, 38; 16:2, 3, 4, 5, 7, 9, 13, 14, 15, 17, 18, 19, 20; 17:2, 3, 4, 6, 7, 8, 9, 10, 11, 12, 13, 14, 15, 16, 17, 18, 19, 20, 21, 22, 23, 24, 25, 26, 27, 28, 29, 31, 32, 33, 34, 35, 36, 37, 38, 39, 40, 41; 18:2, 3, 4, 5, 6, 7, 8, 10, 11, 12, 13, 14, 15, 17, 18, 19, 20, 21, 22, 23, 24, 25, 26, 27, 29, 30, 31, 32, 33, 34, 35, 36, 37; 19:1, 2, 3, 4, 6, 7, 8, 9, 10, 11, 12, 16, 17, 18, 19, 20, 21, 22, 23, 24, 25, 26, 27, 28, 29, 31, 32, 33, 35, 37; 20:1, 2, 3, 4, 5, 6, 7, 8, 9, 12, 13, 14, 15, 17, 18, 19, 20, 21; 21:1, 2, 3, 4, 5, 6, 7, 8, 9, 11, 12, 14, 15, 16, 17, 18, 19, 20, 21, 22, 23, 24, 25, 26; 22:1, 2, 4, 5, 7, 8, 9, 10, 11, 13, 14, 15, 17, 18, 19, 20; 23:1, 2, 3, 4, 5, 6, 7, 8, 9, 10, 11, 12, 14, 15, 16, 17, 18, 19, 20, 21, 24, 25, 28, 29, 30, 31, 32, 33, 34, 35, 36, 37; 24:1, 2, 3, 4, 5, 6, 7, 8, 9, 11, 12, 13, 14, 15, 16, 17, 18, 19, 20; 25:1, 5, 6, 7, 9, 13, 14, 19, 20, 21, 22, 23, 24, 25, 26, 27, 28, 29, 30
1Chr 1:10, 12, 13, 19, 29, 32, 43, 44, 45, 46, 47, 48, 49, 50; 2:3, 4, 6, 7, 9, 13, 16, 18, 19, 21, 22, 23, 24, 26, 29, 34, 35, 42, 53; 3:1, 3, 4, 5, 9, 10, 11, 12, 13, 14, 16, 17, 19; 4:3, 6, 9, 10, 14, 17, 18, 19, 21, 22, 23, 25, 26, 27, 28, 31, 32, 33, 38, 39, 40, 41, 42, 43; 5:1, 2, 3, 4, 5, 6, 7, 8, 9, 10, 11, 13, 15, 16, 19, 20, 21, 22, 23, 24, 25, 26; 6:10, 19, 20, 21, 22, 23, 24, 26, 27, 29, 30, 31, 32, 33, 39, 44, 48, 49, 50, 51, 52, 53, 54, 55, 56, 57, 58, 59, 60, 62, 63, 64, 65, 66, 67, 68, 69, 70, 71, 72, 73, 74, 75, 76, 77, 78, 79, 80, 81; 7:2, 3, 4, 5, 7, 9, 11, 14, 15, 16, 18, 20, 21, 22, 23, 24, 25, 26, 27, 28, 29, 30, 31, 32, 35, 40; 8:1, 6, 7, 8, 9, 10, 11, 12, 13, 28, 29, 30, 32, 37, 38, 39; 9:1, 2, 5, 6, 9, 13, 17, 18, 19, 20, 22, 23, 25, 26, 27, 28, 29, 31, 32, 33, 34, 35, 36, 38, 43, 44; 10:2, 3, 4, 5, 6, 7, 8, 9, 10, 12, 13, 14; 11:1, 2, 3, 5, 6, 7, 8, 9, 10, 11, 12, 13, 14, 17, 19, 20, 21, 22, 23, 25, 42, 45; 12:1, 2, 8, 15, 17, 18, 19, 20, 21, 22, 23, 27, 28, 29, 30, 32, 33, 34, 39, 40; 13:2, 3, 4, 7, 8, 9, 10, 12, 13, 14; 14:1, 2, 4, 8, 9, 10, 11, 12, 13, 14, 15, 16, 17; 15:1, 2, 3, 5, 6, 7, 8, 9, 10, 12, 13, 14, 15, 16, 17, 18, 22, 26, 27, 29; 16:1, 2, 3, 4, 5, 7, 9, 10, 13, 14, 15, 18, 19, 20, 21, 28, 35, 37, 38, 39, 41, 42, 43; 17:1, 2, 4, 6, 7, 8, 9, 10, 11, 12, 13, 14, 16, 17, 20, 21, 22, 23, 25; 18:1, 2, 3, 4, 6, 7, 10, 11, 13, 14; 19:1, 2, 3, 4, 5, 6, 7, 8, 9, 10, 11, 12, 13, 14, 15, 16, 17, 19; 20:2, 3, 4, 5, 6, 7, 8; 21:2, 3, 5, 6, 8, 10, 11, 12, 13, 15, 16, 17, 19, 20, 21, 22, 23, 24, 26, 27, 28, 30; 22:2, 4, 5, 6, 7, 8, 9, 10, 11, 12, 13, 14, 15, 16, 17, 18, 19; 23:1, 2, 3, 5, 6, 11, 13, 14, 22, 24, 25, 26, 28, 31, 32; 24:2, 3, 4, 5, 6, 19, 28, 30, 31; 25:1, 3, 6, 7, 8, 9, 10, 11, 12, 13, 14, 15, 16, 17, 18, 19, 20, 21, 22, 23, 24, 25, 26, 27, 28, 29, 30, 31; 26:5, 6, 7, 8, 10, 13, 14, 15, 22, 25, 26, 27, 28, 29, 30, 31, 32; 27:1, 2, 4, 5, 6, 7, 8, 9, 10, 11, 12, 13, 14, 15, 23, 24, 26; 28:1, 2, 3, 4, 5, 6, 7, 8, 9, 10, 11, 12, 14, 15, 16, 17, 18, 19, 20, 21; 29:1, 2, 3, 5, 8, 9, 10, 13, 14, 15, 16, 17, 18, 19, 20, 21, 22, 23, 24, 25, 27, 28, 29, 30
2Chr 1:1, 3, 4, 5, 7, 8, 9, 10, 11, 12, 13, 14, 15, 17; 2:2, 3, 4, 5, 6, 7, 8, 9, 10, 11, 12, 13, 14, 15, 16, 17, 18; 3:1, 2, 4, 5, 6, 7, 8, 9, 10, 13, 14, 15, 16, 17; 4:1, 2, 4, 6, 7, 8, 9, 10, 11, 14, 16, 17, 20, 21; 5:1, 3, 5, 6, 7, 8, 9, 10, 12, 13; 6:2, 3, 4, 7, 8, 9, 10, 11, 12, 13, 14, 15, 16, 18, 19, 21, 22, 23, 24, 25, 26, 27, 28, 29, 30, 31, 32, 33, 34, 35, 36, 37, 38, 39, 40; 7:3, 6, 7, 8, 9, 10, 11, 12, 14, 17, 18, 19, 20, 21, 22; 8:1, 2, 4, 5, 6, 8, 9, 11, 12, 14, 15, 18; 9:1, 2, 3, 4, 5, 6, 7, 8, 9, 12, 16, 23, 24, 25, 26, 27, 28, 29, 31; 10:1, 2, 3, 4, 5, 6, 7, 8, 9, 10, 11, 12, 13, 14, 15, 16, 17, 18; 11:1, 4, 6, 11, 12, 13, 14, 15, 16, 17, 18, 19, 20, 21, 22, 23; 12:1, 2, 3, 4, 5, 6, 7, 8, 9, 10, 11, 12, 13, 14, 15, 16; 13:2, 3, 4, 5, 6, 7, 8, 9, 10, 11, 12, 13, 14, 16, 17, 18, 19, 20, 22; 14:1, 2, 3, 4, 5, 6, 7, 9, 10, 11, 13, 14, 15; 15:2, 4, 5, 6, 7, 8, 9, 10, 11, 12, 13, 14, 15, 16, 17, 18; 16:1, 3, 4, 5, 6, 7, 8, 9, 10, 11, 12, 13, 14; 17:1, 2, 3, 4, 5, 6, 7, 8, 9, 10, 11, 12, 13, 14, 15, 16, 17, 18, 19; 18:2, 3, 4, 5, 6, 7, 8, 9, 10, 12, 13, 14, 15, 16, 17, 18, 19, 20, 21, 22, 23, 24, 25, 26, 27, 29, 30, 31, 32, 33, 34; 19:1, 2, 3, 4, 5, 6, 7, 8, 9, 10, 11; 20:1, 2, 3, 4, 6, 7, 8, 9, 10, 11, 12, 13, 15, 16, 17, 18, 20, 21, 22, 23, 24, 25, 26, 27, 28, 29, 30, 31, 32, 33, 34, 35, 36, 37; 21:1, 2, 3, 4, 5, 6, 7, 8, 9, 10, 11, 12, 13, 14, 15, 17, 18, 19, 20; 22:1, 2, 3, 4, 5, 6, 7, 8, 9, 10, 11, 12; 23:1, 2, 3, 4, 6, 7, 8, 10, 11, 12, 13, 14, 15, 16, 17, 18, 19, 20, 21; 24:1, 3, 5, 6, 7, 8, 9, 10, 11, 13, 14, 15, 16, 17, 18, 19, 20, 21, 22, 23, 24, 25, 26, 27; 25:1, 2, 3, 4, 5, 6, 7, 8, 9, 10, 11, 12, 13, 14, 15, 16, 17, 18, 19, 20, 21, 22, 23, 24, 26, 27, 28; 26:1, 2, 3, 4, 5, 6, 7, 8, 9, 10, 11, 13, 14, 15, 16, 17, 18, 19, 20, 21, 23; 27:1, 2, 3, 4, 5, 6, 7, 8, 9; 28:1, 2, 3, 4, 5, 6, 8, 9, 10, 11, 12, 13, 15, 16, 18, 19, 20, 21, 22, 23, 24, 25, 26, 27; 29:1, 2, 3, 4, 5, 6, 7, 8, 9, 10, 11, 15, 16, 17, 18, 19, 21, 22, 23, 24, 25, 29, 30, 31, 34; 30:1, 2, 3, 5, 6, 7, 8, 9, 10, 11, 12, 14, 15, 16, 17, 18, 19, 22, 23, 24, 27; 31:1, 2, 3, 4, 5, 6, 7, 8, 10, 11, 12, 13, 15, 16, 17, 18, 19, 20, 21; 32:1, 2, 3, 4, 5, 6, 7, 8, 9, 10, 11, 12, 13, 14, 15, 16, 17, 18, 19, 21, 22, 23, 24, 25, 26, 27, 29, 30, 31, 32, 33; 33:1, 2, 3, 4, 5, 6, 7, 8, 9, 10, 11, 12, 13, 14, 15, 16, 17, 18, 19, 20, 21, 22, 23, 24, 25; 34:1, 2, 3, 4, 5, 6, 7, 8, 9, 10, 11, 12, 13, 14, 15, 16, 17, 18, 19, 21, 22, 23, 24, 25, 26, 27, 28, 30, 31, 32, 33; 35:1, 2, 3, 4, 5, 6, 8, 9, 10, 11, 12, 13, 14, 15, 20, 21, 22, 23, 24, 25, 26, 27; 36:1, 2, 3, 4, 5, 6, 7, 8, 9, 10, 11, 12, 13, 15, 16, 17, 18, 19, 20, 21, 22, 23
Ezra 1:1, 2, 3, 4, 5, 6, 7, 8, 9, 11; 2:1, 59, 61, 62, 63, 65, 66, 67, 68, 69, 70; 3:1, 2, 3, 4, 6, 7, 8, 9, 10, 11, 12; 4:2, 3, 4, 5, 6, 7, 9, 10, 11, 12, 13, 14, 15, 16, 17, 18, 19, 20, 21, 22, 23; 5:1, 2, 3, 4, 5, 6, 7, 8, 9, 10, 11, 12, 14, 15, 17; 6:3, 5, 6, 7, 8, 9, 10, 11, 12, 13, 14, 18, 20, 21, 22; 7:6, 8, 9, 10, 13, 14, 15, 16, 17, 18, 19, 20, 21, 23, 24, 25, 26, 27, 28; 8:1, 3, 4, 5, 6, 7, 8, 9, 10, 11, 12, 13, 14, 15, 16, 17, 18, 19, 20, 21, 22, 23, 24, 25, 26, 28, 29, 30, 31, 32, 33, 36; 9:1, 2, 3, 4, 5, 6, 7, 8, 9, 10, 11, 12, 13, 14, 15; 10:1, 2, 3, 4, 5, 6, 7, 8, 9, 10, 11, 12, 13, 14, 15, 16, 17, 18, 19, 44
Neh 1:1, 2, 3, 4, 5, 6, 7, 8, 9, 10, 11; 2:1, 2, 3, 4, 5, 6, 7, 8, 9, 10, 11, 12, 13, 14, 15, 16, 17, 18, 19, 20; 3:1, 2, 3, 4, 5, 6, 7, 8, 9, 10, 12, 13, 14, 15, 16, 17, 18, 19, 20, 21, 22, 23, 24, 25, 27, 28, 29, 30, 31; 4:1, 2, 3, 4, 5, 6, 7, 8, 9, 10, 11, 12, 13, 14, 15, 16, 17, 18, 19, 20, 21, 22, 23; 5:1, 2, 3, 4, 5, 6, 7, 8, 9, 10, 11, 12, 13, 14, 15, 16, 17, 18, 19; 6:1, 2, 3, 4, 5, 6, 7, 8, 9, 10, 11, 12, 13, 14, 16, 17, 18, 19; 7:1, 2, 3, 5, 6, 7, 61, 63, 64, 65, 67, 68, 69, 73; 8:1, 3, 4, 5, 6, 7, 8, 9, 10, 11, 12, 14, 15, 16, 17, 18; 9:1, 2, 3, 4, 5, 6, 7, 8, 9, 10, 11, 12, 13, 14, 15, 16, 17, 18, 19, 20, 21, 22, 23, 24, 25, 26, 27, 28, 29, 30, 31, 32, 33, 34, 35, 36, 37, 38; 10:10, 28, 29, 30, 31, 32, 33, 34, 35, 36, 37, 38, 39; 11:2, 3, 8, 9, 12, 13, 14, 17, 19, 20, 23, 25, 30, 31; 12:7, 8, 9, 24, 27, 28, 29, 30, 31, 32, 36, 37, 38, 39, 40, 42, 43, 44, 45, 47; 13:1, 2, 3, 4, 5, 6, 7, 8, 9, 10, 11, 13, 14, 15, 17, 18, 19, 21, 22, 23, 24, 25, 26, 27, 28, 29, 30, 31
Esth 1:2, 3, 4, 7, 8, 10, 11, 12, 14, 15, 17, 19, 20, 22; 2:1, 2, 3, 4, 5, 6, 7, 8, 9, 10, 11, 12, 13, 14, 15, 16, 17, 18, 20, 22, 23; 3:1, 2, 3, 4, 5, 6, 7, 8, 9, 10, 11, 12, 13, 14; 4:1, 3, 4, 5, 7, 8, 10, 11, 12, 13, 14, 15, 16, 17; 5:1, 2, 3, 4, 5, 6, 7, 8, 9, 10, 11, 12, 13, 14; 6:1, 2, 3, 4, 5, 6, 7, 8, 9, 10, 11, 12, 13, 14; 7:2, 3, 4, 5, 7, 8, 9, 10; 8:1, 2, 3, 5, 6, 7, 8, 9, 10, 11, 13, 17; 9:1, 2, 3, 4, 5, 10, 12, 14, 15, 16, 17, 18, 21, 22, 23, 24, 25, 26, 27, 28, 30, 31; 10:2, 3
Job 1:1, 2, 3, 4, 5, 6, 7, 8, 10, 11, 12, 13, 14, 15, 16, 17, 18, 19, 20, 21; 2:1, 2, 3, 4, 5, 6, 7, 8, 9, 10, 11, 12, 13; 3:1, 3, 8, 10, 11, 12, 13, 14, 15, 16, 18, 19, 20, 22, 23, 24, 25, 26; 4:2, 3, 4, 5, 6, 7, 8, 9, 12, 14, 15, 16, 17, 19, 20, 21; 5:1, 3, 4, 5, 8, 12, 13, 14, 15, 16, 17, 19, 20, 21, 22, 23, 24, 25, 26, 27; 6:2, 3, 4, 5, 7, 8, 9, 10, 11, 12, 13, 14, 15, 17, 18, 19, 20, 21, 22, 23, 24, 25, 26, 27, 28, 29, 30; 7:1, 2, 3, 4, 5, 6, 7, 8, 9, 10, 11, 12, 13, 14, 15, 16, 17, 18, 19, 20, 21; 8:2, 4, 5, 6, 7, 8, 9, 10, 12, 14, 15, 16, 17, 18, 21, 22; 9:2, 3, 4, 5, 6, 11, 12, 14, 15, 16, 17, 18, 19, 20, 21, 22, 24, 25, 26, 27, 28, 29, 30, 31, 32, 33, 34, 35; 10:1, 2, 6, 7, 8, 9, 10, 11, 12, 13, 14, 15, 16, 17, 18, 19, 20, 21; 11:3, 4, 5, 6, 7, 8, 10, 13, 14, 15, 16, 17, 18, 19, 20; 12:2, 3, 4, 5, 6, 7, 8, 9, 11, 15, 18, 23, 24, 25; 13:1, 2, 3, 4, 5, 6, 7, 8, 9, 10, 11, 12, 13, 14, 15, 16, 17, 18, 19, 20, 21, 22, 23, 24, 26, 27, 28; 14:2, 3, 4, 5, 6, 10, 12, 13, 14, 15, 16, 17, 18, 20, 21, 22; 15:2, 3, 4, 5, 6, 7, 8, 9, 10, 11, 12, 13, 14, 17, 18, 19, 20, 21, 22, 23, 24, 25, 26, 27, 28, 29, 30, 31, 32, 33, 35; 16:2, 3, 4, 5, 6, 7, 8, 9, 10, 11, 12, 13, 14, 15, 16, 17, 18, 19, 20, 21, 22; 17:1, 2, 3, 4, 5, 6, 7, 8, 9, 10, 11, 12, 13, 14, 15, 16; 18:2, 3, 4, 5, 6, 7, 8, 9, 10, 11, 12, 13, 14, 15, 16, 17, 18, 19, 20, 21; 19:2, 3, 4, 5, 6, 7, 8, 9, 10, 11, 12, 13, 14, 15, 16, 17, 18, 19, 20, 21, 22, 23, 24, 25, 26, 27, 28, 29; 20:2, 3, 4, 6, 7, 8, 9, 10, 11, 12, 13, 14, 15, 16, 17, 18, 19, 20, 21, 22, 23, 24, 25, 26, 27, 28, 29; 21:2, 3, 4, 5, 6, 8, 9, 10, 11, 12, 13, 14, 15, 16, 17, 18, 19, 20, 21, 23, 24, 25, 26, 27, 28, 29, 30, 31, 32, 33, 34; 22:2, 3, 4, 5, 6, 7, 8, 9, 10, 11, 12, 13, 15, 16, 17, 18, 19, 20, 21, 22, 23, 24, 25, 26, 27, 28, 29, 30; 23:2, 3, 4, 5, 6, 7, 8, 9, 10, 11, 12, 13, 14, 15, 16, 17; 24:1, 2, 3, 4, 5, 6, 7, 8, 9, 10, 11, 12, 13, 15, 16, 17, 18, 20, 21, 22, 23, 24, 25; 25:3, 4; 26:2, 3, 4, 8, 14; 27:1, 2, 3, 4, 5, 6, 7, 8, 9, 10, 11, 12, 13, 14, 15, 16, 17, 18, 19, 20, 21, 22, 23; 28:1, 3, 4, 14, 22, 25; 29:1, 2, 3, 4, 5, 6, 7, 8, 9, 10, 11, 12, 13, 14, 15, 16, 17, 18, 19, 20, 21, 22, 23, 24, 25; 30:1, 2, 3, 4, 5, 7, 8, 9, 10, 11, 12, 13, 14, 15, 16, 17, 18, 19, 20, 21, 22, 23, 24, 25, 26, 27, 28, 29, 30, 31; 31:1, 4, 5, 6, 7, 8, 9, 10, 12, 13, 14, 15, 16, 17, 18, 19, 20, 21, 22, 23, 24, 25, 26, 27, 28, 29, 30, 31, 32, 33, 34, 35, 36, 37, 38, 39; 32:1, 2, 3, 4, 5, 6, 7, 8, 10, 11, 12, 13, 14, 15, 16, 17, 18, 19, 20, 21, 22; 33:1, 2, 3, 4, 5, 6, 7, 8, 9, 10, 11, 12, 13, 16, 17, 18, 19, 20, 21, 22, 23, 24, 25, 26, 27, 28, 30, 31, 32, 33; 34:2, 4, 5, 6, 7, 9, 10, 11, 13, 14, 16, 17, 18, 19, 20, 21, 22, 23, 24, 25, 26, 27, 28, 29, 31, 32, 33, 34, 35, 36, 37; 35:2, 3, 4, 5, 6, 7, 8, 9, 10, 11, 12, 14, 15, 16; 36:2, 3, 4, 7, 8, 9, 10, 11, 12, 13, 14, 15, 16, 17, 18, 19, 20, 21, 22, 23, 24, 26, 27, 31; 37:1, 4, 5, 6, 8, 12, 15, 16, 17, 18, 19, 20, 21, 23; 38:2, 3, 4, 5, 6, 8, 11, 12, 14, 15, 16, 17, 18, 20, 21, 22, 25, 28, 29, 31, 32, 33, 34, 35, 36, 37, 39, 40, 41; 39:1, 2, 3, 4, 5, 6, 7, 8, 9, 10, 11, 12, 13, 14, 15, 16, 17, 18, 19, 20, 21, 22, 23, 24, 25, 26, 27, 28, 29, 30; 40:2, 4, 5, 7, 8, 9, 10, 11, 12, 13, 14, 15, 16, 17, 18, 19, 20, 21, 22, 23, 24; 41:1, 2, 3, 4, 5, 6, 7, 8, 9, 10, 11, 12, 13, 14, 15, 16, 17, 18, 19, 20, 21, 22, 23, 24, 25, 26, 27, 28, 29, 30, 31, 32, 33, 34; 42:2, 3, 4, 5, 6, 7, 8, 9, 10, 11, 12, 13, 14, 15, 16
Ps 1:2, 3; 2:2, 3, 4, 5, 7, 8, 9, 10, 12; 3:0, 1, 2, 3, 4, 5, 6, 7; 4:1, 2, 3, 4, 5, 6, 7, 8; 5:1, 2, 3, 6, 7, 8, 9, 10, 11, 12; 6:1, 2, 3, 4, 5, 6, 7, 8, 9, 10; 7:0, 1, 2, 3, 4, 5, 6, 7, 8, 10, 12, 13, 14, 15, 16, 17; 8:1, 3, 4, 5, 6, 9; 9:1, 2, 3, 4, 5, 6, 10, 12, 13, 14, 15, 16, 20; 10:2, 3, 4, 5, 6, 7, 8, 9, 10, 11, 13, 14, 15, 16, 17; 11:1, 2, 5, 6; 12:2, 4, 5, 7; 13:1, 2, 3, 4, 5, 6; 14:1, 3, 4, 5, 6; 15:1, 2, 3, 4, 5; 16:1, 2, 3, 4, 5, 6, 7, 8, 9, 10, 11; 17:1, 2, 3, 4, 5, 6, 7, 8, 9, 10, 11, 12, 13, 14, 15; 18:0, 1, 2, 3, 4, 5, 6, 14, 16, 17, 18, 19, 20, 21, 22, 23, 24, 25, 26, 27, 28, 29, 30, 31, 32, 33, 34, 35, 36, 37, 38, 39, 40, 41, 42, 43, 44, 45, 46, 47, 48, 49, 50; 19:3, 4, 5, 10, 11, 12, 13, 14; 20:1, 2, 3, 4, 5, 6, 7, 8, 9; 21:1, 2, 3, 4, 5, 6, 7, 9, 10, 11, 12, 13; 22:1, 2, 4, 5, 6, 7, 8, 9, 10, 11, 12, 13, 14, 15, 16, 17, 18, 19, 20, 21, 22, 23, 24, 25, 26, 29, 31; 23:1, 2, 3, 4, 5, 6; 24:1, 3, 4, 5, 6, 7, 8, 9, 10; 25:1, 2, 3, 4, 5, 6, 7, 11, 12, 13, 14, 15, 16, 17, 18, 19, 20, 21, 22; 26:1, 2, 3, 4, 5, 6, 7, 8, 9, 10, 11, 12; 27:1, 2, 3, 4, 5, 6, 7, 8, 9, 10, 11, 12, 13, 14; 28:1, 2, 3, 4, 5, 6, 7, 8, 9; 29:1, 6; 30:1, 2, 3, 4, 6, 7, 8, 9, 10, 11, 12; 31:1, 2, 3, 4, 5, 6, 7, 8, 9, 10, 11, 12, 13, 14, 15, 16, 17, 19, 20, 21, 22, 23, 24; 32:1, 2, 3, 4, 5, 6, 7, 8, 9, 10, 11; 33:1, 6, 12, 15, 17, 18, 19, 20, 21, 22; 34:0, 1, 2, 3, 4, 5, 6, 7, 9, 10, 11, 12, 13, 15, 16, 17, 18, 19, 20, 21, 22; 35:1, 2, 3, 4, 5, 6, 7, 8, 9, 10, 11, 12, 13, 14, 15, 16, 17, 18, 19, 20, 21, 22, 23, 24, 25, 26, 27, 28; 36:1, 2, 3, 4, 7, 8, 9, 10, 11, 12; 37:1, 2, 3, 4, 5, 6, 7, 8, 9, 10, 11, 12, 13, 14, 15, 18, 19, 20, 22, 23, 24, 25, 26, 28, 30, 31, 32, 33, 34, 35, 36, 39, 40; 38:1, 2, 3, 4, 5, 6, 7, 8, 9, 10, 11, 12, 13, 14, 15, 16, 17, 18, 19, 20, 21, 22; 39:1, 2, 3, 4, 5, 6, 7, 8, 9, 10, 11, 12, 13; 40:1, 2, 3, 4, 5, 6, 7, 8, 9, 10, 11, 12, 13, 14, 15, 17; 41:1, 2, 3, 4, 5, 6, 7, 8, 9, 10, 11, 12; 42:1, 2, 3, 4, 5, 6, 7, 8, 9, 10, 11; 43:1, 2, 3, 4, 5; 44:1, 2, 3, 4, 5, 6, 7, 8, 9, 10, 11, 12, 13, 14, 15, 16, 17, 18, 19, 20, 22, 23, 24, 25, 26; 45:1, 2, 3, 4, 5, 6, 7, 8, 9, 10, 11, 12, 13, 14, 15, 16, 17; 46:1, 2, 5, 6, 7, 11; 47:1, 3, 4, 6, 7; 48:1, 3, 4, 5, 6, 8, 9, 12, 13, 14; 49:1, 3, 4, 5, 6, 7, 8, 9, 10, 11, 12, 13, 14, 15, 16, 17, 18, 19; 50:3, 7, 8, 9, 12, 14, 15, 16, 17, 18, 19, 20, 21, 22, 23; 51:0, 1, 2, 3, 4, 5, 6, 7, 8, 9, 10, 11, 12, 13, 14, 15, 16, 19; 52:0, 1, 2, 3, 4, 5, 6, 7, 8, 9; 53:1, 3, 4, 5; 54:0, 1, 2, 3, 4, 5, 6, 7; 55:1, 2, 3, 4, 5, 6, 7, 8, 9, 10, 11, 12, 13, 14, 15, 16, 17, 18, 19, 20, 21, 22, 23; 56:0, 1, 2, 3, 4, 5, 6, 7, 8, 9, 10, 11, 12, 13; 57:0, 1, 2, 3, 4, 6, 7, 8, 9; 58:1, 2, 3, 4, 6, 7, 8, 9, 10; 59:0, 1, 2, 3, 4, 6, 7, 8, 9, 10, 11, 12, 13, 14, 15, 16, 17; 60:0, 1, 3, 4, 5, 8, 9, 10, 11, 12; 61:1, 2, 3, 4, 5, 7, 8; 62:1, 2, 3, 4, 5, 6, 7, 8, 9, 10, 11, 12; 63:0, 1, 2, 3, 4, 5, 6, 7, 8, 9, 10, 11; 64:1, 2, 3, 4, 5, 6, 7, 8, 9; 65:3, 4, 5, 7, 8, 9, 12, 13; 66:1, 3, 4, 6, 7, 8, 9, 10, 11, 12, 13, 14, 15, 16, 17, 18, 19, 20; 67:1, 6, 7; 68:1, 2, 3, 12, 13, 16, 17, 18, 19, 20, 21, 23, 24, 25, 26, 27, 28, 30, 31, 32, 34; 69:1, 2, 3, 4, 5, 6, 7, 8, 9, 10, 11, 12, 13, 14, 15, 16, 17, 18, 19, 20, 21, 22, 23, 24, 25, 26, 27, 28, 29, 30, 32, 35, 36; 70:1, 2, 3, 5; 71:1, 2, 3, 4, 5, 6, 7, 8, 9, 10, 11, 12, 13, 14, 15, 16, 17, 18, 19, 20, 21, 22, 23, 24; 72:2, 4, 5, 6, 7, 8, 9, 11, 12, 13, 14, 15, 16, 17, 18; 73:2, 3, 4, 5, 6, 7, 8, 9, 10, 11, 12, 13, 14, 15, 16, 17, 18, 19, 20, 21, 22, 23, 24, 25, 26, 27, 28; 74:1, 4, 5, 6, 7, 8, 9, 12, 14; 75:1, 5, 8, 9; 76:5, 7, 11; 77:1, 2, 3, 4, 5, 6, 10, 11, 12, 13, 16; 78:1, 2, 3, 4, 5, 6, 7, 8, 10, 11, 12, 13, 14, 15, 17, 18, 19, 22, 24, 25, 27, 28, 29, 30, 31, 32, 33, 34, 35, 36, 37, 38, 39, 40, 41, 42, 44, 45, 46, 47, 48, 49, 50, 51, 52, 53, 54, 55, 56, 57, 58, 63, 64, 66, 70, 71, 72; 79:1, 2, 3, 4, 7, 8, 9, 10, 12, 13; 80:2, 3, 5, 6, 7, 11, 12, 14, 16, 17, 18, 19; 81:1, 3, 5, 6, 7, 8, 9, 10, 12, 14, 15, 16; 82:2, 4, 5, 6, 7; 83:2, 3, 4, 5, 8, 9, 10, 11, 12, 13, 15, 16, 17; 84:2, 3, 4, 5, 6, 7, 8, 9, 10, 11; 85:2, 4, 5, 6, 7, 8, 9, 12, 13; 86:1, 2, 3, 4, 5, 6, 7, 9, 11, 12, 13, 14, 16, 17; 87:3, 4, 5, 7; 88:1, 2, 3, 4, 5, 6, 7, 8, 9, 13, 14, 15, 16, 17, 18; 89:1, 2, 4, 6, 7, 8, 9, 11, 12, 15, 16, 17, 18, 20, 21, 22, 23, 24, 25, 26, 27, 28, 29, 30, 31, 32, 33, 36, 39, 40, 41, 42, 43, 44, 45, 47, 48, 50, 51; 90:1, 3, 5, 7, 8, 9, 10, 11, 12, 14, 15, 16, 17; 91:2, 3, 4, 5, 7, 8, 9, 10, 11, 12, 13, 14, 15, 16; 92:4, 7, 10, 11, 12, 13, 14, 15; 93:3; 94:4, 5, 6, 7, 8, 11, 12, 13, 16, 17, 18, 19, 21, 22, 23; 95:1, 2, 6, 7, 8, 9, 10, 11; 96:7; 97:7, 10, 12; 98:3, 7, 8; 99:3, 5, 6, 7, 8, 9; 100:1, 3; 101:1, 2, 3, 4, 5, 6, 7, 8; 102:0, 1, 2, 3, 4, 5, 6, 7, 8, 9, 10, 11, 13, 14, 17, 23, 24, 26, 28; 103:1, 2, 3, 4, 5, 10, 11, 12, 13, 14, 15, 17, 18, 20, 21, 22; 104:1, 7, 8, 9, 11, 12, 14, 15, 17, 21, 22, 23, 24, 26, 27, 28, 29, 30, 32, 33, 34, 35; 105:2, 3, 6, 7, 11, 12, 13, 14, 17, 18, 19, 20, 21, 22, 24, 25, 26, 27, 28, 29, 30, 31, 32, 33, 35, 36, 37, 38, 40, 41, 44, 45; 106:1, 2, 3, 4, 5, 6, 7, 8, 9, 10, 11, 12, 13, 15, 16, 18, 19, 20, 21, 23, 24, 25, 26, 27, 28, 29, 31, 32, 33, 34, 35, 36, 37, 38, 39, 41, 42, 43, 44, 45, 46, 47, 48; 107:1, 2, 3, 4, 5, 6, 7, 8, 9, 11, 12, 13, 14, 15, 16, 17, 18, 19, 20, 21, 22, 23, 24, 25, 26, 27, 28, 29, 30, 31, 32, 33, 34, 35, 36, 38, 39, 40, 41, 42, 43; 108:1, 2, 3, 6, 10, 11, 12, 13; 109:1, 2, 3, 4, 5, 6, 7, 8, 9, 10, 11, 12, 13, 14, 15, 16, 17, 18, 19, 20, 21, 22, 23, 24, 25, 26, 27, 28, 29, 30, 31; 110:1, 5; 111:1, 2, 5, 6, 8, 10; 112:1, 2, 3, 4, 5, 6, 7, 8, 9, 10; 113:1, 5, 8, 9; 114:2, 5, 6, 7; 115:1, 2, 3, 4, 5, 6, 7, 8, 9, 10, 11, 12, 13, 14, 15, 18; 116:1, 2, 3, 4, 5, 6, 7, 8, 9, 10, 11, 12, 13, 14, 16, 17, 18, 19; 117:1, 2; 118:4, 5, 6, 7, 10, 11, 12, 13, 14, 17, 18, 19, 21, 23, 24, 25, 26, 27, 28; 119:1, 2, 3, 4, 5, 6, 7, 8, 9, 10, 11, 12, 13, 14, 15, 16, 17, 18, 19, 20, 22, 23, 24, 25, 26, 27, 28, 29, 30, 31, 32, 33, 34, 35, 36, 37, 38, 39, 40, 41, 42, 43, 44, 45, 46, 47, 48, 49, 50, 51, 52, 53, 54, 55, 56, 57, 58, 59, 60, 61, 62, 63, 64, 66, 67, 68, 69, 70, 71, 72, 73, 74, 75, 76, 77, 78, 79, 80, 81, 82, 83, 84, 85, 86, 87, 88, 91, 92, 93, 94, 95, 96, 97, 98, 99, 100, 101, 102, 103, 104, 105, 106, 107, 108, 109, 110, 111, 112, 113, 114, 115, 116, 117, 118, 119, 120, 121, 122, 123, 124, 125, 126, 127, 128, 129, 131, 132, 133, 134, 135, 136, 139, 141, 143, 144, 145, 146, 147, 148, 149, 150, 152, 153, 154, 155, 156, 157, 158, 159, 161, 162, 163, 164, 165, 166, 167, 168, 169, 170, 171, 172, 173, 174, 175, 176; 120:1, 2, 3, 5, 6, 7; 121:1, 2, 3, 5, 6, 7, 8; 122:1, 2, 6, 7, 8, 9; 123:1, 2, 3, 4; 124:1, 2, 3, 4, 5, 6, 7, 8; 125:1, 3, 4, 5; 126:1, 2, 3, 4, 5, 6; 127:1, 2, 5; 128:2, 3, 5, 6; 129:1, 2, 3, 5, 6, 7, 8; 130:1, 2, 3, 5, 6; 131:1, 2; 132:1, 2, 3, 4, 5, 6, 7, 11, 12, 15, 16, 18; 133:2; 134:1, 2, 3; 135:1, 2, 5, 9, 12, 16, 17, 18, 20, 21; 136:10, 11, 15, 21, 23, 24; 137:1, 2, 3, 4, 5, 6, 7, 8, 9; 138:1, 2, 3, 4, 5, 7, 8; 139:1, 2, 3, 4, 5, 6, 7, 8, 9, 10, 11, 13, 14, 15, 16, 17, 18, 19, 20, 21, 22, 23, 24; 140:1, 2, 3, 4, 5, 6, 7, 8, 9, 10, 11, 12; 141:1, 2, 3, 4, 5, 6, 7, 8, 9, 10; 142:0, 1, 2, 3, 4, 5, 6, 7; 143:1, 3, 4, 5, 6, 7, 8, 9, 10, 11, 12; 144:1, 2, 3, 4, 5, 6, 7, 8, 9, 11, 12, 13, 14, 15; 145:1, 2, 5, 6, 7, 11, 15, 18, 19, 20, 21; 146:1, 2, 3, 4, 5, 8, 10; 147:1, 3, 4, 5, 7, 9, 11, 12, 13, 14, 17, 18, 20; 148:1, 2, 3, 4, 5, 6, 7, 13, 14; 149:1, 2, 3, 5, 6, 8, 9; 150:1, 6
Prov 1:6, 8, 9, 10, 11, 12, 13, 14, 15, 16, 18, 20, 21, 22, 23, 24, 25, 26, 27, 28, 29, 30, 31, 32, 33; 2:1, 2, 3, 4, 5, 7, 9, 10, 11, 12, 13, 14, 15, 16, 17, 18, 19, 20; 3:1, 2, 3, 4, 5, 6, 7, 8, 9, 10, 11, 12, 15, 16, 17, 18, 21, 22, 23, 24, 26, 27, 28, 29, 30, 31; 4:1, 2, 3, 4, 5, 6, 7, 8, 9, 10, 11, 12, 13, 16, 17, 19, 20, 21, 22, 23, 24, 25, 26, 27; 5:1, 2, 3, 4, 5, 6, 7, 8, 9, 10, 11, 12, 13, 14, 15, 16, 17, 18, 19, 20, 21, 22, 23; 6:1, 2, 3, 4, 5, 6, 8, 9, 11, 13, 14, 15, 19, 20, 21, 22, 24, 25, 27, 28, 29, 30, 31, 32, 33, 34, 35; 7:1, 2, 3, 4, 5, 6, 7, 8, 10, 11, 12, 13, 14, 15, 16, 17, 18, 19, 20, 21, 22, 23, 24, 25, 26, 27; 8:1, 2, 3, 4, 5, 6, 7, 8, 9, 10, 12, 13, 14, 15, 16, 17, 18, 19, 20, 21, 22, 23, 24, 25, 27, 30, 31, 32, 34, 35, 36; 9:1, 2, 3, 4, 5, 7, 8, 9, 11, 12, 13, 14, 15, 16, 17, 18; 10:1, 4, 5, 9, 10, 13, 15, 17, 18, 19, 22, 24, 26; 11:3, 5, 6, 7, 8, 9, 12, 13, 15, 17, 18, 19, 20, 25, 26, 27, 28, 29, 30; 12:1, 4, 6, 8, 9, 10, 11, 13, 14, 15, 17, 20, 22, 26, 27; 13:1, 2, 3, 6, 7, 8, 11, 13, 16, 18, 20, 22, 24, 25; 14:1, 2, 3, 6, 7, 8, 10, 14, 15, 17, 20, 21, 22, 24, 29, 31, 32, 33, 35; 15:5, 9, 10, 12, 14, 15, 18, 20, 21, 22, 23, 24, 27, 32; 16:2, 3, 5, 7, 9, 10, 13, 15, 17, 20, 22, 23, 26, 27, 29, 30, 32; 17:5, 6, 8, 9, 11, 12, 13, 15, 16, 18, 19, 20, 21, 24, 25, 27, 28; 18:1, 2, 6, 7, 8, 9, 11, 13, 14, 16, 17, 19, 20, 21, 22, 24; 19:1, 2, 3, 4, 5, 6, 7, 8, 9, 11, 12, 13, 16, 17, 18, 19, 20, 22, 23, 24, 25, 26, 27; 20:1, 2, 4, 6, 7, 8, 9, 10, 11, 12, 13, 14, 16, 17, 19, 20, 22, 24, 25, 26, 28, 29; 21:2, 6, 7, 8, 10, 11, 12, 13, 17, 21, 23, 24, 25, 26, 27, 29; 22:2, 3, 5, 6, 8, 9, 11, 13, 14, 15, 16, 17, 18, 19, 20, 21, 22, 23, 24, 25, 26, 27, 28, 29; 23:1, 2, 3, 4, 5, 6, 7, 8, 9, 11, 12, 13, 14, 15, 16, 17, 18, 19, 22, 24, 25, 26, 28, 29, 30, 31, 33, 34, 35; 24:1, 2, 6, 7, 8, 10, 11, 12, 13, 14, 15, 17, 18, 19, 21, 22, 24, 25, 26, 27, 28, 29, 30, 32, 34; 25:5, 6, 7, 8, 9, 10, 13, 14, 16, 17, 18, 20, 21, 22, 27, 28; 26:4, 5, 6, 8, 11, 12, 14, 15, 16, 17, 18, 19, 22, 24, 25, 26, 27; 27:1, 2, 3, 4, 8, 10, 11, 12, 13, 14, 16, 17, 18, 21, 22, 23, 26, 27; 28:4, 5, 6, 7, 8, 9, 10, 11, 13, 14, 16, 17, 18, 19, 20, 22, 23, 24, 25, 26, 27, 28; 29:1, 3, 4, 5, 9, 10, 11, 12, 13, 14, 15, 16, 17, 18, 19, 20, 21, 23, 24, 25, 27; 30:2, 3, 4, 5, 6, 7, 8, 9, 10, 11, 12, 13, 14, 17, 18, 20, 22, 23, 24, 25, 26, 27, 28, 31, 32; 31:1, 2, 3, 5, 6, 7, 8, 9, 10, 11, 12, 13, 14, 15, 16, 17, 18, 19, 20, 21, 22, 23, 24, 25, 26, 27, 28, 29, 30, 31
Eccl 1:3, 5, 6, 7, 10, 12, 13, 14, 16, 17, 18; 2:1, 2, 3, 4, 5, 6, 7, 8, 9, 10, 11, 12, 13, 14, 15, 17, 18, 19, 20, 21, 22, 23, 24, 25, 26; 3:9, 10, 11, 12, 13, 14, 16, 17, 18, 19, 21, 22; 4:1, 2, 3, 4, 5, 7, 8, 9, 10, 11, 12, 13, 14, 15, 16; 5:1, 2, 4, 5, 6, 7, 8, 9, 10, 11, 12, 13, 14, 15, 16, 17, 18, 19, 20; 6:1, 2, 3, 4, 5, 6, 7, 10, 12; 7:2, 9, 10, 11, 12, 13, 14, 15, 16, 17, 18, 21, 22, 23, 24, 25, 26, 27, 28, 29; 8:1, 2, 3, 4, 5, 6, 7, 8, 9, 10, 11, 12, 13, 14, 15, 16, 17; 9:1, 2, 3, 4, 5, 6, 7, 8, 9, 10, 11, 12, 13, 15, 16, 17; 10:1, 2, 3, 4, 5, 7, 8, 9, 10, 12, 13, 14, 15, 16, 17, 20; 11:1, 2, 3, 4, 5, 6, 8, 9, 10; 12:1, 3, 4, 5, 9, 12, 13
Song 1:2, 3, 4, 5, 6, 7, 8, 9, 10, 11, 12, 13, 14, 15, 16, 17; 2:1, 2, 3, 4, 5, 6, 7, 8, 9, 10, 12, 13, 14, 15, 16, 17; 3:1, 2, 3, 4, 5, 6, 7, 8, 9, 10, 11; 4:1, 2, 3, 4, 5, 6, 7, 8, 9, 10, 11, 12, 13, 16; 5:1, 2, 3, 4, 5, 6, 7, 8, 9, 10, 11, 12, 13, 14, 15, 16; 6:1, 2, 3, 4, 5, 6, 7, 9, 10, 11, 12, 13; 7:1, 2, 3, 4, 5, 6, 7, 8, 9, 10, 11, 12, 13; 8:1, 2, 3, 4, 5, 6, 7, 8, 9, 10, 11, 12, 13, 14
Isa 1:1, 2, 3, 4, 5, 6, 7, 9, 10, 11, 12, 14, 15, 16, 18, 19, 20, 22, 23, 25, 26, 27, 28, 29, 30, 31; 2:3, 4, 5, 6, 7, 8, 9, 10, 12, 19, 20, 22; 3:4, 5, 6, 7, 8, 9, 10, 11, 12, 14, 15, 16, 17, 18, 25, 26; 4:1, 2, 3, 5; 5:1, 3, 5, 6, 8, 9, 11, 12, 13, 14, 17, 18, 19, 20, 21, 22, 23, 24, 25, 26, 27, 28, 29, 30; 6:1, 2, 4, 5, 6, 7, 8, 9, 10, 11, 13; 7:2, 3, 4, 5, 6, 9, 11, 12, 13, 14, 16, 17, 19, 20, 22; 8:1, 2, 3, 4, 5, 7, 8, 9, 10, 11, 12, 13, 15, 17, 18, 19, 20, 21, 22; 9:1, 2, 3, 4, 6, 10, 11, 12, 13, 15, 16, 17, 18, 19, 20, 21; 10:1, 2, 3, 4, 5, 6, 7, 8, 10, 11, 12, 13, 14, 15, 17, 18, 19, 20, 22, 24, 25, 26, 27, 28, 29, 30, 31, 32; 11:1, 6, 7, 8, 9, 10, 14, 16; 12:1, 2, 3, 4, 6; 13:2, 3, 5, 6, 8, 10, 11, 13, 14, 15, 16, 17, 18, 20, 21, 22; 14:1, 2, 3, 4, 6, 7, 8, 9, 10, 11, 12, 13, 14, 15, 16, 17, 18, 19, 20, 21, 22, 25, 27, 29, 30, 31, 32; 15:2, 3, 4, 5, 7, 9; 16:1, 3, 4, 5, 6, 7, 8, 9, 10, 12; 17:2, 3, 4, 5, 7, 8, 9, 10, 11, 13, 14; 18:2, 3, 4, 5, 6, 7; 19:2, 3, 4, 6, 8, 9, 10, 11, 12, 13, 14, 17, 20, 21, 22, 25; 20:1, 2, 4, 5, 6; 21:2, 3, 4, 5, 6, 7, 8, 9, 10, 11, 12, 13, 14, 15, 16; 22:1, 2, 3, 4, 7, 8, 9, 10, 11, 13, 14, 15, 16, 17, 18, 19, 21, 22, 23, 24; 23:1, 2, 3, 4, 5, 6, 7, 8, 10, 12, 13, 14, 16, 17, 18; 24:2, 5, 6, 8, 9, 14, 15, 16, 17, 18, 22; 25:1, 4, 9, 11, 12; 26:1, 2, 3, 4, 5, 8, 9, 10, 11, 12, 13, 14, 16, 17, 18, 19, 20, 21; 27:2, 4, 5, 6, 7, 8, 9, 10, 11, 12, 13; 28:1, 4, 6, 7, 9, 11, 12, 13, 14, 15, 16, 18, 19, 20, 21, 22, 23, 24, 25, 26, 28; 29:1, 3, 4, 5, 6, 7, 8, 9, 10, 11, 12, 13, 14, 15, 16, 19, 20, 21, 22, 23, 24; 30:1, 2, 3, 4, 5, 6, 7, 8, 10, 11, 12, 13, 15, 16, 17, 18, 19, 20, 21, 22, 23, 26, 28, 29, 32; 31:1, 2, 3, 4, 6, 7, 8, 9; 32:3, 6, 7, 8, 9, 10, 11, 12, 13, 15, 18, 20; 33:1, 2, 4, 6, 7, 8, 9, 10, 11, 12, 13, 14, 15, 16, 17, 18, 19, 20, 21, 22, 23, 24; 34:1, 2, 3, 4, 7, 11, 12, 13, 14, 15, 16, 17; 35:1, 2, 3, 4, 10; 36:1, 2, 3, 4, 5, 6, 7, 8, 9, 10, 11, 12, 13, 14, 15, 16, 17, 18, 19, 20, 21, 22; 37:1, 2, 3, 4, 6, 7, 8, 9, 10, 11, 12, 18, 19, 20, 21, 22, 23, 24, 25, 26, 27, 28, 29, 30, 32, 33, 34, 36, 38; 38:1, 2, 3, 5, 6, 7, 9, 10, 11, 12, 13, 14, 15, 16, 17, 18, 19, 20, 21, 22; 39:1, 2, 3, 4, 6, 7, 8; 40:1, 2, 3, 6, 8, 9, 10, 11, 12, 13, 14, 17, 18, 20, 21, 22, 24, 25, 26, 27, 28, 29, 31; 41:1, 2, 3, 4, 6, 7, 8, 9, 10, 11, 12, 13, 14, 15, 16, 17, 20, 21, 22, 23, 24, 25, 26, 27, 28, 29; 42:5, 6, 7, 8, 9, 10, 11, 12, 14, 15, 16, 17, 18, 19, 20, 22, 23, 24, 25; 43:1, 2, 3, 4, 5, 7, 9, 10, 12, 13, 14, 15, 17, 18, 19, 21, 22, 23, 24, 25, 26, 27; 44:1, 2, 3, 4, 5, 6, 7, 8, 9, 10, 11, 12, 13, 14, 15, 16, 17, 18, 19, 20, 21, 22, 23, 24, 25, 26, 27, 28; 45:1, 2, 3, 4, 5, 6, 8, 9, 10, 11, 12, 13, 14, 15, 16, 17, 19, 20, 21, 22, 23, 24; 46:1, 2, 4, 5, 6, 7, 8, 12; 47:1, 2, 3, 4, 5, 6, 7, 8, 9, 10, 11, 12, 13, 14, 15; 48:1, 2, 3, 4, 5, 6, 7, 8, 9, 10, 11, 13, 14, 15, 16, 17, 18, 19, 20, 21; 49:1, 2, 3, 4, 5, 6, 7, 8, 9, 10, 14, 15, 16, 17, 18, 19, 20, 21, 22, 23, 25, 26; 50:1, 2, 3, 4, 5, 6, 7, 8, 9, 10, 11; 51:1, 2, 3, 5, 6, 7, 8, 11, 12, 13, 14, 15, 16, 17, 18, 19, 20, 21, 22, 23; 52:1, 2, 3, 4, 5, 6, 7, 8, 9, 10, 11, 12, 14, 15; 53:1, 2, 3, 4, 5, 6, 7, 8, 11; 54:1, 2, 3, 4, 5, 6, 7, 8, 9, 10, 11, 12, 13, 14, 15, 16, 17; 55:1, 2, 3, 4, 5, 6, 7, 8, 9, 12; 56:1, 2, 3, 5, 6, 7, 8, 9, 10, 11, 12; 57:2, 3, 4, 5, 6, 7, 8, 9, 10, 11, 12, 13, 14, 15, 17, 18, 19, 20; 58:1, 2, 3, 4, 5, 6, 7, 8, 9, 10, 11, 12, 13, 14; 59:2, 3, 4, 5, 6, 7, 8, 9, 10, 11, 12, 13, 15, 16, 18, 19, 20, 21; 60:1, 2, 3, 4, 5, 6, 7, 8, 9, 10, 11, 12, 13, 14, 15, 16, 17, 18, 19, 20, 21, 22; 61:1, 2, 3, 4, 5, 6, 7, 8, 9, 10, 11; 62:1, 2, 3, 4, 5, 6, 8, 9, 10, 11, 12; 63:1, 2, 3, 6, 7, 8, 9, 10, 11, 12, 13, 14, 15, 16, 17, 18, 19; 64:3, 4, 5, 6, 7, 8, 9, 11, 12; 65:1, 2, 4, 5, 6, 7, 8, 11, 12, 13, 14, 15, 16, 18, 19, 20, 21, 22, 23, 24, 25; 66:1, 2, 3, 4, 5, 7, 8, 9, 10, 11, 12, 13, 14, 17, 18, 19, 20, 21, 22, 23, 24
Jer 1:2, 4, 5, 6, 7, 8, 9, 10, 11, 12, 13, 14, 15, 16, 17, 18, 19; 2:1, 2, 3, 4, 5, 6, 7, 8, 9, 11, 12, 13, 14, 15, 16, 17, 18, 19, 20, 21, 22, 23, 24, 25, 26, 27, 28, 29, 30, 31, 32, 33, 34, 35, 36, 37; 3:1, 2, 3, 4, 5, 6, 7, 8, 9, 10, 11, 12, 13, 14, 15, 16, 17, 18, 19, 20, 21, 22, 23, 24, 25; 4:1, 2, 3, 4, 5, 7, 8, 10, 12, 13, 14, 16, 17, 18, 19, 20, 21, 22, 23, 24, 25, 26, 29, 30, 31; 5:1, 2, 3, 4, 5, 6, 7, 8, 10, 12, 13, 14, 15, 16, 17, 18, 19, 22, 23, 24, 25, 26, 27, 28, 31; 6:1, 3, 4, 5, 6, 7, 8, 9, 10, 11, 12, 13, 14, 15, 16, 17, 18, 19, 20, 21, 23, 24, 26, 27, 28, 30; 7:2, 3, 4, 5, 6, 7, 8, 9, 10, 11, 12, 13, 14, 15, 16, 17, 18, 19, 21, 22, 23, 24, 25, 26, 27, 28, 29, 30, 31, 32, 33; 8:1, 2, 3, 4, 5, 6, 7, 8, 9, 10, 11, 12, 13, 14, 15, 16, 17, 18, 19, 20, 21, 22; 9:1, 2, 3, 4, 5, 6, 7, 8, 9, 10, 12, 13, 14, 15, 16, 17, 18, 19, 20, 21, 22, 23, 24, 25; 10:1, 2, 4, 5, 7, 8, 9, 11, 13, 14, 15, 16, 17, 18, 19, 20, 21, 23, 24, 25; 11:2, 3, 4, 5, 6, 7, 8, 9, 10, 11, 12, 13, 14, 15, 16, 17, 18, 19, 20, 21, 22, 23; 12:1, 2, 3, 4, 5, 6, 7, 9, 10, 11, 13, 14, 15, 16, 17; 13:1, 2, 3, 4, 5, 6, 7, 8, 10, 11, 12, 13, 14, 15, 16, 17, 18, 19, 20, 21, 22, 23, 24, 25, 26, 27; 14:2, 3, 4, 6, 7, 9, 10, 11, 12, 13, 14, 15, 16, 17, 18, 19, 20, 21, 22; 15:1, 2, 3, 4, 5, 6, 7, 8, 9, 10, 11, 13, 14, 15, 16, 17, 18, 19, 20, 21; 16:1, 2, 3, 4, 5, 6, 7, 8, 9, 10, 11, 12, 13, 15, 16, 17, 18, 19, 20, 21; 17:1, 2, 3, 4, 5, 6, 7, 8, 9, 10, 11, 12, 13, 14, 15, 16, 17, 18, 19, 20, 21, 22, 23, 24, 25, 26, 27; 18:2, 3, 4, 5, 6, 8, 10, 11, 12, 13, 15, 16, 17, 18, 19, 20, 21, 22, 23; 19:2, 3, 4, 5, 7, 9, 10, 11, 13, 14, 15; 20:1, 2, 3, 4, 5, 6, 7, 8, 9, 10, 11, 12, 13, 14, 15, 16, 17, 18; 21:1, 2, 3, 4, 5, 6, 7, 8, 9, 10, 11, 12, 13, 14; 22:2, 3, 4, 5, 6, 7, 8, 9, 10, 11, 12, 13, 14, 15, 16, 17, 18, 19, 20, 21, 22, 23, 24, 25, 26, 27, 28, 30; 23:2, 3, 4, 7, 8, 9, 10, 11, 12, 13, 14, 15, 16, 17, 18, 20, 21, 22, 24, 25, 26, 27, 28, 30, 31, 32, 33, 34, 35, 36, 37, 38, 39, 40; 24:1, 2, 3, 4, 5, 6, 7, 8, 9, 10; 25:3, 4, 5, 6, 7, 8, 9, 10, 12, 14, 15, 16, 17, 18, 19, 26, 27, 28, 29, 30, 31, 33, 34, 36, 38; 26:2, 3, 4, 5, 8, 9, 10, 11, 12, 13, 14, 15, 16, 19, 20, 21, 22, 23, 24; 27:2, 3, 4, 5, 6, 7, 8, 9, 10, 11, 12, 13, 14, 15, 16, 17, 18, 20, 22; 28:1, 2, 3, 4, 6, 7, 8, 9, 11, 13, 14, 15, 16; 29:1, 3, 4, 5, 6, 7, 8, 9, 10, 11, 12, 13, 14, 15, 16, 17, 18, 19, 20, 21, 22, 23, 24, 25, 26, 27, 28, 31, 32; 30:2, 3, 6, 7, 8, 9, 10, 11, 12, 13, 14, 15, 16, 17, 18, 19, 20, 21, 22, 24; 31:1, 2, 3, 4, 5, 6, 7, 8, 9, 10, 11, 12, 13, 15, 16, 17, 18, 19, 20, 21, 22, 23, 24, 26, 28, 29, 30, 32, 33, 34, 37; 32:3, 4, 5, 6, 7, 8, 9, 10, 11, 12, 13, 14, 16, 18, 19, 22, 23, 24, 25, 28, 29, 30, 31, 32, 33, 34, 35, 36, 37, 38, 39, 40, 41, 42, 43, 44; 33:1, 3, 5, 6, 7, 8, 9, 10, 11, 12, 13, 15, 16, 20, 21, 24, 26; 34:1, 2, 3, 4, 5, 8, 9, 10, 11, 13, 14, 15, 16, 17, 18, 20, 21, 22; 35:2, 3, 4, 5, 6, 7, 8, 9, 10, 11, 13, 14, 15, 16, 17, 18; 36:2, 3, 4, 5, 6, 7, 8, 9, 12, 13, 14, 15, 16, 17, 18, 19, 20, 21, 22, 23, 24, 25, 26, 28, 29, 30, 31, 32; 37:1, 2, 3, 4, 5, 7, 9, 10, 12, 13, 14, 15, 17, 18, 19, 20, 21; 38:2, 4, 5, 6, 7, 9, 10, 11, 12, 13, 14, 15, 16, 17, 18, 19, 20, 21, 22, 23, 24, 25, 26, 27, 28; 39:1, 4, 5, 6, 7, 9, 10, 12, 14, 15, 16, 17, 18; 40:1, 2, 3, 4, 5, 6, 7, 8, 9, 10, 11, 12, 14, 15, 16; 41:1, 2, 3, 4, 5, 6, 7, 8, 9, 10, 11, 12, 13, 16, 17, 18; 42:2, 3, 4, 5, 6, 8, 9, 10, 11, 12, 13, 14, 15, 16, 17, 18, 19, 20, 21, 22; 43:1, 2, 3, 5, 7, 9, 10, 11, 12, 13; 44:2, 3, 4, 5, 6, 7, 8, 9, 10, 11, 12, 13, 14, 15, 16, 17, 18, 19, 20, 21, 22, 23, 25, 26, 27, 28, 29, 30; 45:1, 2, 3, 4, 5; 46:3, 4, 5, 6, 7, 8, 9, 10, 11, 12, 14, 15, 16, 17, 18, 19, 21, 22, 23, 24, 25, 26, 27, 28; 47:2, 3, 5, 6; 48:2, 4, 6, 7, 10, 11, 12, 13, 14, 15, 16, 17, 18, 19, 20, 25, 26, 27, 28, 29, 30, 32, 33, 34, 35, 36, 39, 41, 42, 43, 44, 45, 46; 49:1, 2, 3, 4, 5, 7, 8, 9, 10, 11, 12, 13, 14, 15, 16, 19, 20, 21, 22, 23, 24, 26, 28, 29, 30, 31, 32, 35, 36, 37; 50:2, 3, 4, 5, 6, 7, 9, 10, 11, 12, 13, 14, 15, 16, 17, 18, 19, 20, 21, 24, 26, 27, 28, 29, 30, 31, 32, 33, 34, 35, 36, 37, 38, 42, 43, 44, 45; 51:1, 2, 3, 4, 5, 6, 7, 8, 9, 10, 13, 14, 17, 18, 19, 20, 21, 22, 23, 24, 25, 26, 27, 28, 30, 31, 32, 33, 34, 35, 36, 38, 39, 40, 42, 43, 44, 45, 46, 47, 48, 50, 51, 52, 53, 55, 56, 57, 58, 59, 61, 62, 63, 64; 52:1, 2, 3, 4, 7, 8, 9, 10, 11, 13, 17, 18, 25, 26, 27, 28, 29, 31, 32, 33, 34
Lam 1:1, 2, 3, 4, 5, 6, 7, 8, 9, 10, 11, 12, 13, 14, 15, 16, 17, 18, 19, 20, 21, 22; 2:2, 5, 6, 7, 8, 9, 10, 11, 12, 13, 14, 15, 16, 17, 18, 19, 20, 21, 22; 3:1, 2, 3, 4, 5, 6, 7, 8, 9, 10, 11, 12, 13, 14, 15, 16, 17, 18, 19, 20, 21, 22, 23, 24, 25, 27, 28, 29, 30, 36, 37, 39, 40, 41, 42, 43, 44, 45, 46, 47, 48, 49, 51, 52, 53, 54, 55, 56, 57, 58, 59, 60, 61, 62, 63, 64, 65, 66; 4:2, 3, 4, 5, 6, 7, 8, 9, 10, 13, 14, 15, 16, 17, 18, 19, 20, 21, 22; 5:1, 2, 3, 4, 5, 6, 7, 8, 9, 10, 11, 12, 13, 14, 15, 16, 17, 20, 21, 22
Ezek 1:1, 3, 4, 5, 7, 8, 9, 10, 11, 12, 13, 15, 16, 17, 18, 19, 20, 21, 22, 23, 24, 25, 26, 27, 28; 2:1, 2, 3, 4, 5, 6, 7, 8, 9, 10; 3:1, 2, 3, 4, 5, 6, 7, 8, 9, 10, 11, 12, 13, 14, 15, 16, 17, 18, 19, 20, 21, 22, 23, 24, 25, 26, 27; 4:1, 3, 4, 5, 6, 7, 8, 9, 10, 11, 12, 13, 14, 15, 16, 17; 5:1, 2, 3, 4, 5, 6, 7, 8, 9, 10, 11, 12, 13, 14, 15, 16, 17; 6:1, 2, 3, 4, 5, 6, 7, 8, 9, 10, 11, 12, 13, 14; 7:1, 2, 3, 4, 6, 7, 8, 9, 11, 13, 14, 15, 16, 18, 19, 20, 21, 22, 24, 25, 26, 27; 8:1, 2, 3, 4, 5, 6, 7, 8, 9, 10, 11, 12, 13, 14, 15, 16, 17, 18; 9:1, 2, 3, 4, 5, 6, 7, 8, 9, 10, 11; 10:1, 2, 6, 7, 8, 9, 10, 11, 12, 13, 15, 16, 17, 19, 20, 21, 22; 11:1, 2, 3, 4, 5, 6, 7, 8, 9, 10, 11, 12, 13, 14, 15, 16, 17, 18, 19, 20, 21, 22, 24, 25; 12:1, 2, 3, 4, 5, 6, 7, 8, 9, 10, 11, 12, 13, 14, 15, 16, 17, 18, 19, 20, 21, 22, 23, 25, 26, 27, 28; 13:1, 2, 3, 4, 5, 6, 7, 8, 9, 10, 11, 12, 14, 15, 16, 17, 18, 19, 20, 21, 22, 23; 14:1, 2, 3, 4, 5, 6, 7, 8, 9, 10, 11, 12, 14, 15, 16, 18, 20, 22, 23; 15:1, 7, 8; 16:1, 2, 3, 4, 5, 6, 7, 8, 9, 10, 11, 12, 13, 14, 15, 16, 17, 18, 19, 20, 21, 22, 23, 24, 25, 26, 27, 28, 29, 30, 31, 32, 33, 34, 36, 37, 38, 39, 40, 41, 42, 43, 44, 45, 46, 47, 48, 49, 50, 51, 52, 53, 54, 55, 56, 57, 58, 59, 60, 61, 62, 63; 17:1, 4, 5, 6, 7, 9, 11, 12, 13, 14, 15, 16, 17, 18, 19, 20, 21, 22, 23; 18:1, 2, 3, 6, 7, 8, 9, 10, 11, 12, 13, 14, 15, 16, 17, 18, 19, 20, 21, 22, 23, 24, 25, 26, 27, 28, 29, 30, 31, 32; 19:1, 2, 3, 4, 5, 6, 7, 8, 9, 10, 11, 12, 13, 14; 20:1, 2, 3, 4, 5, 6, 7, 8, 9, 10, 11, 12, 13, 14, 15, 16, 17, 18, 19, 20, 21, 22, 23, 24, 25, 26, 27, 28, 29, 30, 31, 32, 33, 34, 35, 36, 37, 38, 39, 40, 41, 42, 43, 44, 45, 46, 47, 49; 21:1, 2, 3, 4, 5, 6, 7, 8, 10, 12, 14, 15, 16, 18, 19, 21, 22, 23, 24, 25, 26, 27, 28, 29, 30, 31, 32; 22:1, 2, 3, 4, 5, 6, 7, 8, 9, 10, 11, 12, 13, 14, 15, 16, 17, 18, 19, 20, 21, 22, 23, 24, 25, 26, 28, 29, 30, 31; 23:1, 3, 4, 5, 6, 7, 8, 9, 10, 11, 12, 13, 14, 15, 16, 17, 18, 19, 20, 21, 22, 23, 24, 25, 26, 27, 28, 29, 30, 31, 32, 33, 34, 35, 36, 37, 38, 39, 40, 41, 42, 43, 44, 45, 46, 47, 48, 49; 24:1, 2, 3, 5, 6, 7, 8, 12, 13, 14, 15, 16, 17, 18, 19, 20, 21, 22, 23, 24, 25, 26, 27; 25:1, 2, 3, 4, 5, 6, 7, 9, 10, 11, 12, 13, 14, 17; 26:1, 2, 3, 4, 6, 8, 9, 10, 11, 12, 13, 14, 15, 16, 17, 18, 19, 20, 21; 27:1, 2, 3, 4, 5, 6, 7, 8, 9, 10, 11, 12, 13, 14, 15, 16, 17, 18, 19, 20, 21, 22, 23, 24, 25, 26, 27, 28, 29, 30, 31, 32, 33, 34, 35, 36; 28:1, 2, 3, 4, 5, 6, 7, 8, 9, 10, 11, 12, 13, 14, 15, 16, 17, 18, 19, 20, 21, 22, 23, 24, 25, 26; 29:1, 2, 3, 4, 5, 6, 7, 8, 9, 10, 12, 13, 14, 15, 16, 17, 18, 19, 20, 21; 30:1, 2, 4, 5, 6, 7, 8, 9, 11, 13, 18, 19, 20, 22, 23, 24, 25, 26; 31:1, 2, 3, 4, 5, 6, 7, 8, 9, 10, 11, 12, 13, 14, 15, 16, 17, 18; 32:1, 2, 3, 4, 5, 6, 7, 8, 9, 10, 11, 12, 13, 14, 15, 16, 17, 18, 19, 20, 21, 22, 23, 24, 25, 26, 27, 28, 29, 30, 31, 32; 33:1, 2, 3, 4, 5, 6, 7, 8, 9, 10, 11, 12, 13, 14, 15, 16, 17, 18, 19, 20, 21, 22, 23, 24, 25, 26, 27, 28, 29, 30, 31, 32, 33; 34:1, 2, 3, 4, 5, 6, 7, 8, 9, 10, 11, 12, 13, 14, 15, 16, 17, 18, 19, 20, 21, 22, 23, 24, 25, 26, 27, 28, 29, 30, 31; 35:1, 2, 3, 4, 5, 6, 7, 8, 9, 10, 11, 12, 13, 14, 15; 36:1, 2, 3, 4, 5, 6, 7, 8, 9, 10, 11, 12, 13, 14, 15, 16, 17, 18, 19, 20, 21, 22, 23, 24, 25, 26, 27, 28, 29, 30, 31, 32, 33, 35, 36, 37, 38; 37:1, 2, 3, 4, 5, 6, 7, 8, 9, 10, 11, 12, 13, 14, 15, 16, 17, 18, 19, 20, 21, 22, 23, 24, 25, 26, 27, 28; 38:1, 2, 3, 4, 5, 6, 7, 8, 9, 10, 11, 12, 13, 14, 15, 16, 17, 21, 22, 23; 39:1, 2, 3, 4, 5, 6, 7, 9, 10, 11, 12, 13, 14, 15, 16, 17, 18, 19, 20, 21, 22, 23, 24, 26, 27, 28, 29; 40:1, 2, 3, 4, 5, 6, 8, 9, 10, 11, 13, 14, 16, 17, 19, 20, 22, 23, 24, 26, 27, 28, 32, 35, 38, 41, 42, 44, 45, 46, 47, 48, 49; 41:1, 2, 3, 4, 5, 6, 8, 13, 15, 16, 22, 25; 42:1, 4, 6, 9, 11, 12, 13, 14, 15, 16, 17, 18, 19, 20; 43:1, 3, 4, 5, 6, 7, 8, 9, 10, 11, 17, 18, 19, 20, 21, 22, 23, 24, 25, 26, 27; 44:1, 2, 3, 4, 5, 6, 7, 8, 10, 11, 12, 13, 14, 15, 16, 17, 18, 19, 20, 21, 22, 23, 24, 25, 26, 27, 28, 29, 30; 45:1, 3, 4, 5, 6, 8, 9, 10, 12, 13, 14, 15, 17, 18, 20, 21, 22, 23, 24, 25; 46:2, 5, 6, 7, 8, 9, 10, 11, 12, 13, 14, 15, 16, 17, 18, 19, 20, 21, 23, 24; 47:1, 2, 3, 4, 5, 6, 7, 8, 9, 10, 11, 12, 13, 14, 18, 21, 22, 23; 48:1, 8, 9, 10, 12, 14, 18, 19, 20, 29, 34
Dan 1:2, 3, 4, 5, 7, 8, 10, 11, 12, 13, 14, 15, 16, 17, 18, 19, 20; 2:1, 2, 3, 4, 5, 6, 7, 8, 9, 11, 13, 15, 16, 17, 18, 21, 23, 24, 25, 26, 28, 29, 30, 31, 32, 33, 34, 35, 36, 37, 38, 39, 41, 43, 45, 46, 47, 48, 49; 3:1, 3, 4, 5, 6, 9, 10, 11, 12, 13, 14, 15, 16, 17, 18, 19, 20, 21, 24, 25, 26, 27, 28, 29; 4:1, 2, 4, 5, 6, 7, 8, 9, 10, 13, 14, 15, 16, 17, 18, 19, 20, 21, 22, 23, 24, 25, 26, 27, 29, 30, 31, 32, 33, 34, 36, 37; 5:1, 2, 3, 4, 6, 7, 8, 9, 10, 11, 12, 13, 14, 15, 16, 17, 18, 19, 20, 21, 22, 23, 26, 27, 28, 29; 6:2, 3, 4, 5, 6, 7, 10, 11, 12, 13, 14, 16, 17, 18, 20, 22, 23, 24, 25, 26; 7:1, 2, 4, 5, 6, 7, 8, 9, 11, 12, 13, 15, 16, 19, 20, 21, 23, 24, 25, 26, 28; 8:1, 2, 3, 4, 5, 6, 7, 8, 9, 10, 11, 12, 13, 14, 15, 16, 17, 18, 19, 20, 21, 22, 23, 24, 25, 26, 27; 9:2, 3, 4, 5, 6, 7, 8, 9, 10, 11, 12, 13, 14, 15, 16, 17, 18, 19, 20, 21, 22, 23, 24; 10:1, 2, 3, 4, 5, 6, 7, 8, 9, 10, 11, 12, 13, 14, 15, 16, 17, 18, 19, 20, 21; 11:1, 2, 3, 4, 5, 6, 7, 8, 9, 10, 11, 12, 14, 15, 16, 17, 18, 19, 20, 21, 22, 23, 24, 25, 26, 27, 28, 29, 30, 31, 32, 33, 34, 35, 36, 37, 38, 39, 40, 41, 42, 43, 44, 45; 12:1, 2, 3, 4, 5, 7, 8, 9, 12, 13
Hos 1:2, 3, 4, 6, 7, 8, 9, 10, 11; 2:1, 2, 3, 4, 5, 6, 7, 8, 9, 10, 11, 12, 13, 14, 15, 16, 17, 18, 19, 20, 21, 22, 23; 3:1, 2, 3, 5; 4:1, 2, 4, 5, 6, 7, 8, 9, 10, 12, 13, 14, 15, 16, 17, 18, 19; 5:1, 2, 3, 4, 5, 6, 7, 8, 10, 11, 13, 14, 15; 6:1, 2, 3, 4, 5, 7, 8, 9, 11; 7:1, 2, 3, 4, 5, 6, 7, 8, 9, 10, 11, 12, 13, 14, 15, 16; 8:1, 2, 3, 4, 5, 7, 8, 9, 10, 11, 12, 13, 14; 9:1, 2, 3, 4, 5, 6, 7, 8, 9, 10, 11, 12, 13, 14, 15, 16, 17; 10:1, 2, 3, 4, 6, 7, 8, 9, 10, 11, 12, 13, 14, 15; 11:1, 2, 3, 4, 5, 6, 7, 8, 9, 10, 11, 12; 12:1, 2, 3, 4, 5, 6, 7, 8, 9, 11, 12, 13, 14; 13:1, 2, 3, 4, 5, 6, 7, 8, 9, 10, 11, 12, 13, 14, 15, 16; 14:1, 2, 3, 4, 5, 6, 7, 8, 9
Joel 1:2, 3, 5, 6, 7, 8, 11, 13, 14, 16, 17, 18, 19; 2:1, 3, 4, 5, 6, 7, 8, 9, 10, 11, 12, 13, 14, 16, 17, 19, 20, 22, 23, 25, 26, 27, 28, 32; 3:2, 3, 4, 5, 6, 7, 8, 9, 10, 11, 13, 15, 17, 19, 21
Amos 1:1, 2, 3, 5, 6, 8, 9, 11, 13, 15; 2:1, 3, 4, 6, 7, 8, 9, 10, 11, 12, 13, 14, 15, 16; 3:1, 2, 3, 4, 5, 8, 9, 10, 11, 13, 14; 4:1, 2, 3, 4, 5, 6, 7, 8, 9, 10, 11, 12, 13; 5:1, 2, 4, 6, 7, 8, 10, 11, 12, 14, 16, 17, 18, 19, 21, 22, 23, 25, 26, 27; 6:1, 2, 3, 4, 5, 6, 7, 8, 9, 10, 12, 13, 14; 7:1, 2, 4, 5, 7, 8, 10, 11, 12, 14, 15, 16, 17; 8:1, 2, 3, 4, 5, 6, 7, 10, 12, 14; 9:1, 2, 3, 4, 6, 7, 11, 12, 13, 14, 15
Obad 1:1, 2, 3, 4, 5, 6, 7, 9, 10, 11, 12, 13, 14, 15, 16, 17, 18, 19
Jonah 1:2, 3, 5, 6, 7, 8, 9, 10, 11, 12, 13, 14, 15; 2:1, 2, 3, 4, 5, 6, 7, 8, 9; 3:2, 4, 5, 6, 7, 8, 9, 10; 4:1, 2, 3, 4, 5, 6, 8, 9, 10, 11
Mic 1:1, 2, 5, 7, 8, 9, 10, 11, 13, 14, 15, 16; 2:1, 2, 3, 4, 5, 6, 7, 8, 9, 10, 11, 12, 13; 3:1, 2, 3, 4, 5, 6, 7, 8, 9, 10, 11, 12; 4:2, 3, 4, 5, 6, 7, 8, 9, 10, 11, 12, 13; 5:1, 2, 3, 4, 5, 6, 8, 9, 10, 11, 12, 13, 14, 15; 6:1, 2, 3, 4, 5, 6, 7, 8, 9, 11, 12, 13, 14, 15, 16; 7:1, 2, 3, 4, 5, 6, 7, 8, 9, 10, 11, 12, 13, 14, 15, 16, 17, 18, 19, 20
Nah 1:6, 7, 9, 10, 11, 12, 13, 14, 15; 2:1, 2, 3, 4, 5, 7, 8, 9, 10, 11, 12, 13; 3:3, 4, 5, 6, 7, 8, 9, 10, 11, 12, 13, 14, 15, 16, 17, 18, 19
Hab 1:2, 3, 5, 6, 7, 8, 9, 10, 11, 12, 13, 14, 15, 16, 17; 2:1, 2, 4, 5, 6, 7, 8, 9, 10, 12, 13, 15, 16, 17, 18, 19; 3:2, 7, 10, 11, 14, 16, 18, 19
Zeph 1:5, 6, 7, 9, 11, 12, 13, 17, 18; 2:1, 2, 3, 4, 5, 7, 8, 9, 10, 11, 12, 14, 15; 3:1, 2, 3, 4, 6, 7, 8, 9, 11, 12, 13, 15, 16, 17, 18, 19, 20
Hag 1:4, 5, 6, 7, 9, 10, 12, 13, 14; 2:3, 4, 5, 12, 14, 15, 17, 19, 22, 23
Zech 1:2, 3, 4, 5, 6, 8, 9, 10, 11, 13, 14, 15, 18, 19, 20, 21; 2:1, 2, 3, 4, 5, 6, 7, 8, 9, 10, 11; 3:1, 2, 4, 5, 7, 8, 10; 4:1, 2, 4, 5, 6, 7, 8, 9, 10, 11, 12, 13, 14; 5:1, 2, 3, 4, 5, 6, 8, 9, 10, 11; 6:1, 4, 5, 6, 7, 8, 9, 10, 11, 12, 13, 15; 7:2, 3, 4, 5, 6, 7, 9, 10, 11, 12, 13, 14; 8:1, 2, 4, 8, 9, 10, 12, 13, 14, 15, 16, 17, 18, 21, 23; 9:3, 4, 5, 7, 8, 9, 11, 12, 13, 14, 15, 16; 10:1, 2, 3, 5, 6, 7, 8, 9, 10, 11, 12; 11:1, 2, 3, 4, 5, 6, 7, 8, 9, 10, 11, 12, 13, 14, 15, 16, 17; 12:1, 2, 3, 4, 5, 6, 7, 8, 10, 12, 13, 14; 13:2, 3, 4, 5, 6, 9; 14:1, 5, 8, 10, 12, 13, 17, 21
Mal 1:2, 3, 4, 5, 6, 7, 8, 9, 10, 12, 13, 14; 2:1, 2, 3, 4, 5, 6, 7, 8, 9, 10, 11, 12, 13, 14, 15, 16, 17; 3:1, 2, 3, 5, 6, 7, 8, 9, 10, 11, 12, 13, 14, 15, 16, 17, 18; 4:1, 2, 3, 4, 5, 6
Matt 1:2, 6, 11, 12, 16, 18, 19, 20, 21, 23, 24, 25; 2:2, 3, 4, 5, 6, 7, 8, 9, 10, 11, 12, 13, 14, 15, 16, 18, 20, 21, 22, 23; 3:2, 3, 4, 5, 6, 7, 9, 11, 13, 14, 15; 4:3, 6, 7, 8, 9, 10, 16, 18, 19, 20, 21, 22, 23, 24; 5:2, 3, 4, 5, 6, 7, 8, 9, 10, 11, 12, 13, 14, 16, 18, 19, 20, 21, 22, 23, 24, 25, 26, 27, 28, 29, 30, 31, 32, 33, 34, 36, 37, 38, 39, 40, 41, 42, 43, 44, 45, 46, 47, 48; 6:1, 2, 3, 4, 5, 6, 7, 8, 9, 11, 12, 13, 14, 15, 16, 17, 18, 19, 20, 21, 22, 23, 24, 25, 26, 27, 28, 29, 30, 31, 32, 33; 7:1, 2, 3, 4, 5, 6, 7, 8, 9, 10, 11, 12, 13, 15, 16, 20, 21, 22, 23, 24, 26, 29; 8:2, 3, 4, 6, 7, 8, 9, 10, 11, 13, 14, 15, 16, 17, 19, 20, 21, 22, 25, 26, 29, 30, 31, 32, 33, 34; 9:2, 3, 4, 5, 6, 7, 8, 9, 11, 12, 13, 14, 15, 17, 18, 19, 21, 22, 24, 25, 27, 28, 29, 30, 31, 32, 35, 36, 38; 10:1, 2, 3, 4, 5, 7, 8, 9, 10, 11, 12, 13, 14, 15, 16, 17, 18, 19, 20, 21, 22, 23, 24, 25, 26, 27, 28, 29, 30, 31, 32, 33, 35, 36, 37, 38, 39, 40, 41, 42; 11:1, 2, 3, 4, 5, 6, 7, 8, 9, 10, 11, 14, 15, 16, 17, 18, 19, 20, 21, 22, 23, 24, 25, 27, 28, 29; 12:2, 3, 4, 5, 6, 7, 9, 10, 11, 13, 14, 15, 16, 22, 24, 25, 26, 27, 28, 29, 30, 31, 32, 33, 34, 36, 37, 38, 39, 41, 42, 43, 44, 45, 48, 50; 13:3, 4, 5, 6, 7, 9, 10, 11, 12, 13, 14, 15, 16, 17, 18, 19, 20, 21, 22, 23, 24, 25, 27, 28, 29, 30, 31, 33, 34, 36, 37, 39, 41, 42, 43, 44, 46, 48, 50, 51, 52, 54, 56, 57, 58; 14:2, 3, 4, 5, 6, 7, 8, 9, 10, 11, 12, 13, 14, 15, 16, 17, 18, 20, 21, 25, 26, 27, 28, 29, 30, 31, 32, 33, 34, 35, 36; 15:2, 3, 4, 5, 6, 7, 8, 9, 10, 12, 14, 15, 16, 17, 18, 22, 23, 25, 27, 28, 30, 31, 32, 33, 34, 36, 37, 38; 16:1, 2, 3, 4, 5, 6, 7, 8, 9, 10, 11, 12, 13, 14, 15, 17, 18, 19, 20, 23, 24, 25, 26, 27, 28; 17:1, 2, 3, 4, 5, 6, 7, 8, 9, 11, 12, 13, 14, 15, 16, 17, 18, 19, 20, 22, 23, 24, 25, 26, 27; 18:1, 2, 3, 4, 5, 6, 7, 8, 9, 10, 12, 13, 14, 15, 16, 17, 18, 19, 20, 21, 22, 23, 24, 25, 26, 27, 28, 29, 30, 31, 32, 33, 34, 35; 19:2, 3, 4, 5, 6, 7, 8, 9, 10, 11, 12, 13, 14, 15, 16, 17, 18, 19, 20, 21, 22, 23, 24, 25, 26, 27, 28; 20:1, 2, 3, 4, 5, 6, 7, 8, 9, 10, 11, 12, 13, 14, 15, 17, 18, 20, 21, 22, 23, 24, 25, 26, 27, 29, 30, 31, 32, 33, 34; 21:1, 2, 3, 5, 6, 7, 8, 12, 13, 14, 15, 16, 17, 19, 20, 21, 22, 23, 24, 25, 26, 27, 28, 29, 30, 31, 32, 34, 35, 36, 37, 38, 39, 40, 41, 42, 43, 44, 45, 46; 22:1, 2, 3, 4, 5, 6, 7, 8, 9, 10, 11, 12, 13, 15, 16, 17, 18, 19, 20, 21, 22, 24, 25, 28, 29, 30, 31, 33, 34, 35, 37, 39, 41, 42, 43, 44, 45; 23:3, 4, 5, 8, 9, 10, 11, 12, 13, 14, 15, 16, 17, 18, 19, 21, 22, 23, 24, 25, 26, 27, 28, 29, 30, 31, 32, 33, 34, 35, 36, 37, 38, 39; 24:2, 3, 4, 5, 6, 9, 13, 15, 16, 17, 18, 19, 20, 23, 24, 25, 26, 29, 30, 31, 32, 33, 34, 38, 39, 42, 43, 44, 45, 46, 47, 48, 49, 50, 51; 25:1, 2, 3, 4, 5, 6, 7, 8, 9, 10, 11, 12, 13, 14, 15, 16, 17, 18, 19, 20, 21, 22, 23, 24, 25, 26, 27, 28, 29, 30, 32, 34, 35, 36, 37, 38, 39, 40, 41, 42, 43, 44, 45; 26:2, 3, 4, 5, 8, 10, 11, 12, 13, 15, 16, 17, 18, 19, 21, 22, 23, 24, 25, 26, 27, 29, 30, 31, 32, 33, 34, 35, 36, 38, 40, 41, 43, 44, 45, 46, 47, 48, 49, 50, 51, 52, 53, 55, 57, 60, 61, 63, 64, 65, 66, 67, 68, 69, 70, 71, 72, 73, 74, 75; 27:2, 3, 4, 5, 6, 7, 9, 10, 11, 13, 14, 15, 16, 17, 18, 19, 20, 21, 22, 23, 24, 25, 26, 27, 28, 29, 30, 31, 32, 33, 34, 35, 36, 39, 42, 47, 48, 49, 54, 57, 58, 59, 60, 63, 65, 66; 28:3, 4, 5, 7, 8, 9, 10, 11, 12, 13, 14, 15, 16, 17, 18, 19, 20
Mark 1:3, 5, 6, 7, 8, 15, 16, 17, 18, 19, 20, 21, 22, 23, 24, 25, 26, 27, 29, 30, 31, 32, 34, 36, 37, 38, 39, 40, 41, 42, 43, 44, 45; 2:2, 3, 4, 5, 6, 7, 8, 9, 10, 11, 12, 13, 14, 15, 16, 17, 18, 19, 20, 23, 24, 25, 26, 27; 3:2, 4, 5, 6, 8, 9, 10, 11, 12, 13, 14, 17, 19, 20, 21, 23, 26, 27, 28, 29, 30, 32, 33, 34, 35; 4:2, 4, 9, 10, 11, 12, 13, 15, 16, 17, 18, 20, 21, 23, 24, 25, 27, 28, 29, 33, 34, 35, 36, 38, 40, 41; 5:1, 3, 4, 5, 6, 7, 8, 9, 10, 12, 13, 14, 15, 16, 17, 18, 19, 20, 22, 23, 24, 26, 27, 28, 29, 30, 31, 32, 33, 34, 35, 38, 39, 40, 41, 42, 43; 6:3, 4, 5, 6, 7, 8, 10, 11, 12, 13, 14, 16, 17, 18, 19, 20, 21, 22, 23, 24, 25, 26, 27, 28, 29, 30, 31, 32, 33, 34, 36, 37, 38, 39, 40, 41, 42, 43, 44, 46, 48, 49, 50, 51, 52, 53, 54, 55, 56; 7:2, 3, 4, 6, 7, 8, 9, 10, 11, 12, 13, 14, 15, 16, 18, 19, 25, 26, 27, 28, 29, 30, 32, 33, 34, 35, 36; 8:1, 2, 3, 5, 6, 7, 8, 9, 12, 13, 14, 15, 16, 17, 18, 19, 20, 21, 22, 23, 24, 25, 26, 27, 28, 29, 30, 31, 33, 34, 35, 36, 37, 38; 9:1, 2, 3, 4, 5, 6, 7, 8, 9, 10, 11, 12, 13, 14, 15, 16, 17, 18, 19, 20, 21, 22, 23, 24, 25, 26, 27, 28, 29, 30, 31, 32, 33, 34, 35, 36, 37, 38, 39, 40, 41, 42, 43, 44, 45, 46, 47, 48, 50; 10:1, 2, 3, 4, 5, 6, 7, 8, 11, 12, 13, 14, 15, 16, 17, 18, 19, 20, 21, 22, 23, 24, 26, 27, 28, 29, 30, 32, 33, 34, 35, 36, 37, 38, 39, 40, 41, 42, 43, 44, 46, 47, 48, 49, 50, 51, 52; 11:1, 2, 3, 4, 5, 6, 7, 8, 9, 10, 12, 14, 15, 17, 18, 20, 22, 23, 24, 25, 26, 27, 28, 29, 31, 32, 33; 12:1, 2, 3, 4, 5, 6, 7, 8, 9, 10, 11, 12, 13, 14, 15, 16, 17, 18, 19, 21, 22, 23, 24, 25, 26, 27, 28, 29, 30, 31, 33, 34, 36, 37, 38, 42, 43, 44; 13:2, 4, 5, 6, 7, 9, 11, 12, 13, 14, 15, 16, 17, 18, 20, 21, 23, 24, 26, 28, 29, 30, 33, 34, 35, 36, 37; 14:1, 2, 3, 4, 5, 6, 7, 8, 9, 10, 11, 12, 13, 14, 15, 16, 18, 19, 20, 21, 22, 23, 24, 25, 26, 27, 28, 29, 30, 31, 32, 34, 37, 38, 40, 41, 42, 43, 44, 45, 46, 47, 48, 49, 50, 51, 52, 53, 54, 56, 58, 59, 62, 63, 64, 65, 67, 68, 69, 70, 71, 72; 15:2, 4, 6, 7, 8, 9, 10, 11, 12, 13, 14, 15, 16, 17, 19, 20, 21, 22, 23, 24, 25, 27, 29, 31, 32, 35, 36, 39, 40, 41, 44, 45, 46; 16:1, 2, 3, 4, 5, 6, 7, 8, 9, 10, 11, 12, 13, 14, 15, 16, 17, 18, 19, 20
Luke 1:1, 2, 3, 4, 5, 6, 7, 8, 9, 11, 12, 13, 14, 15, 16, 17, 18, 19, 20, 21, 22, 23, 24, 25, 27, 28, 29, 30, 31, 34, 35, 36, 38, 41, 42, 43, 44, 45, 47, 48, 49, 50, 51, 52, 55, 56, 57, 58, 59, 60, 61, 62, 63, 64, 65, 66, 67, 69, 71, 72, 73, 74, 75, 76, 77, 78, 79, 80; 2:3, 4, 5, 6, 7, 8, 9, 10, 11, 12, 15, 16, 17, 18, 19, 20, 22, 25, 26, 27, 28, 30, 34, 35, 36, 37, 38, 39, 42, 43, 44, 45, 46, 48, 49, 50, 51; 3:1, 3, 4, 7, 8, 10, 11, 12, 13, 14, 15, 16, 18, 19, 20; 4:2, 4, 6, 7, 8, 9, 11, 12, 13, 15, 18, 20, 21, 22, 23, 24, 25, 26, 27, 28, 29, 30, 31, 32, 34, 35, 36, 38, 39, 40, 41, 42, 43; 5:2, 3, 4, 5, 6, 7, 8, 9, 10, 11, 12, 13, 14, 15, 17, 18, 19, 20, 21, 22, 23, 24, 25, 26, 27, 28, 29, 30, 31, 33, 34, 35, 36, 39; 6:1, 2, 3, 4, 5, 6, 7, 8, 9, 10, 11, 13, 14, 17, 18, 19, 20, 21, 22, 23, 24, 25, 26, 27, 28, 29, 30, 31, 32, 33, 34, 35, 36, 37, 38, 39, 40, 41, 42, 44, 45, 46, 47, 48, 49; 7:2, 3, 4, 5, 6, 7, 8, 9, 10, 12, 13, 14, 15, 16, 18, 19, 20, 21, 22, 23, 24, 25, 26, 27, 28, 30, 31, 32, 33, 34, 35, 36, 37, 38, 39, 40, 42, 43, 44, 45, 46, 47, 48, 49, 50; 8:2, 3, 5, 8, 10, 12, 13, 14, 15, 16, 18, 21, 22, 23, 24, 25, 26, 28, 29, 30, 31, 32, 34, 35, 36, 37, 38, 39, 40, 41, 42, 43, 44, 45, 47, 48, 49, 50, 52, 53, 54, 55, 56; 9:1, 2, 3, 4, 5, 6, 7, 9, 10, 11, 12, 13, 14, 15, 16, 17, 18, 19, 20, 21, 23, 24, 25, 26, 27, 31, 32, 33, 34, 36, 37, 38, 39, 40, 41, 42, 43, 44, 45, 46, 47, 48, 49, 50, 52, 53, 54, 55, 56, 57, 58, 59, 60, 61, 62; 10:1, 2, 3, 5, 6, 7, 8, 9, 10, 11, 12, 13, 14, 15, 16, 17, 18, 19, 20, 21, 22, 23, 24, 25, 26, 27, 28, 29, 30, 31, 32, 33, 34, 35, 36, 37, 38, 39, 40, 41, 42; 11:1, 2, 3, 4, 5, 6, 7, 8, 9, 10, 11, 12, 13, 15, 17, 18, 19, 20, 21, 22, 23, 24, 25, 26, 27, 28, 29, 31, 32, 33, 34, 35, 36, 37, 38, 39, 40, 41, 42, 43, 44, 45, 46, 47, 48, 49, 51, 52, 53, 54; 12:1, 3, 4, 5, 6, 7, 8, 9, 10, 11, 12, 13, 14, 15, 16, 17, 18, 19, 20, 21, 22, 24, 25, 26, 27, 28, 29, 30, 31, 32, 33, 34, 35, 36, 37, 38, 39, 40, 41, 42, 43, 44, 45, 46, 47, 48, 51, 53, 54, 55, 56, 57, 58, 59; 13:1, 2, 3, 4, 5, 6, 7, 8, 9, 11, 12, 13, 14, 15, 16, 19, 23, 24, 25, 26, 27, 28, 29, 32, 34, 35; 14:1, 4, 5, 6, 7, 8, 9, 10, 11, 12, 13, 14, 15, 16, 17, 18, 19, 20, 21, 22, 23, 24, 25, 26, 27, 28, 29, 31, 32, 33, 34, 35; 15:2, 3, 4, 5, 6, 7, 8, 9, 10, 12, 13, 14, 15, 16, 17, 18, 19, 20, 21, 22, 23, 24, 25, 26, 27, 28, 29, 30, 31, 32; 16:1, 2, 3, 4, 5, 6, 7, 8, 9, 10, 11, 12, 13, 14, 15, 18, 20, 21, 23, 24, 25, 26, 27, 28, 29, 30, 31; 17:1, 2, 3, 4, 5, 6, 7, 8, 9, 10, 13, 14, 15, 16, 19, 20, 21, 22, 23, 27, 28, 29, 31, 33, 34, 37; 18:1, 3, 4, 5, 7, 8, 9, 11, 12, 13, 14, 15, 16, 17, 18, 19, 20, 21, 22, 23, 24, 26, 28, 29, 30, 31, 33, 34, 36, 37, 38, 39, 40, 41, 42, 43; 19:2, 3, 4, 5, 6, 7, 8, 9, 11, 12, 13, 14, 15, 16, 17, 18, 19, 20, 21, 22, 23, 24, 25, 26, 27, 30, 31, 32, 33, 34, 35, 36, 37, 40, 42, 43, 44, 45, 46, 48; 20:2, 3, 5, 6, 7, 8, 10, 11, 12, 13, 14, 15, 16, 17, 18, 19, 20, 21, 22, 23, 24, 25, 26, 27, 28, 30, 31, 33, 34, 35, 36, 37, 40, 41, 42, 44; 21:1, 3, 4, 6, 7, 8, 9, 10, 12, 13, 14, 15, 16, 17, 18, 19, 20, 21, 23, 24, 26, 27, 28, 29, 30, 31, 32, 34, 35, 36; 22:2, 4, 5, 6, 9, 10, 11, 12, 13, 15, 16, 17, 18, 19, 20, 21, 22, 23, 24, 25, 26, 27, 28, 29, 30, 31, 32, 33, 34, 35, 36, 37, 38, 40, 41, 45, 46, 47, 48, 49, 50, 51, 52, 53, 54, 55, 56, 57, 58, 59, 60, 61, 64, 65, 66, 67, 68, 70, 71; 23:1, 2, 3, 4, 5, 6, 7, 8, 9, 11, 12, 13, 14, 15, 16, 17, 18, 19, 20, 21, 22, 23, 24, 25, 26, 28, 29, 30, 31, 33, 34, 35, 39, 40, 41, 42, 43, 47, 48, 50, 51, 53, 56; 24:1, 2, 3, 4, 5, 6, 8, 10, 11, 12, 13, 14, 15, 16, 17, 18, 19, 20, 21, 22, 23, 24, 25, 27, 28, 29, 30, 31, 32, 33, 35, 36, 37, 38, 39, 40, 41, 42, 43, 44, 45, 46, 48, 49, 50, 51, 52
John 1:6, 7, 8, 12, 14, 15, 16, 19, 20, 21, 22, 23, 24, 25, 26, 27, 29, 30, 31, 32, 33, 34, 35, 36, 37, 38, 39, 41, 42, 43, 45, 46, 47, 48, 50, 51; 2:3, 4, 5, 7, 8, 10, 12, 15, 16, 18, 19, 22, 23, 24; 3:2, 3, 4, 5, 7, 8, 10, 11, 12, 15, 16, 18, 19, 20, 21, 22, 23, 26, 27, 28, 29, 30, 31, 32, 33, 36; 4:5, 7, 9, 10, 12, 13, 14, 15, 16, 17, 18, 19, 20, 21, 22, 24, 25, 26, 27, 28, 29, 30, 32, 34, 35, 36, 38, 39, 40, 42, 44, 45, 46, 47, 48, 49, 50, 51, 52, 53; 5:4, 6, 7, 8, 9, 10, 11, 12, 13, 14, 15, 17, 19, 20, 21, 23, 24, 25, 29, 32, 33, 34, 35, 37, 38, 39, 40, 42, 43, 44, 45, 46, 47; 6:2, 6, 7, 9, 11, 12, 13, 14, 15, 17, 19, 20, 21, 23, 24, 25, 26, 27, 28, 29, 30, 31, 32, 34, 35, 36, 37, 40, 42, 43, 44, 45, 47, 49, 51, 52, 53, 54, 56, 57, 58, 60, 61, 62, 63, 64, 65, 67, 68, 69, 70, 71; 7:3, 4, 6, 7, 8, 9, 16, 17, 18, 19, 20, 21, 22, 23, 25, 26, 27, 28, 30, 33, 34, 35, 36, 37, 38, 39, 40, 44, 45, 47, 49, 50, 51, 52, 53; 8:2, 3, 4, 5, 6, 7, 9, 10, 11, 12, 14, 15, 17, 19, 21, 22, 23, 24, 25, 26, 27, 28, 31, 32, 33, 34, 36, 37, 38, 39, 40, 41, 42, 43, 44, 45, 46, 47, 48, 49, 51, 52, 53, 54, 55, 56, 58, 59; 9:1, 2, 3, 7, 8, 9, 10, 11, 12, 13, 14, 15, 16, 17, 18, 19, 20, 21, 22, 23, 24, 25, 26, 27, 28, 29, 30, 31, 34, 35, 36, 37, 38, 39, 40, 41; 10:1, 2, 3, 4, 5, 6, 7, 8, 9, 10, 12, 13, 16, 20, 21, 24, 25, 26, 27, 28, 29, 32, 33, 34, 35, 36, 38, 39; 11:1, 2, 3, 5, 6, 9, 10, 11, 12, 13, 14, 15, 16, 17, 19, 20, 21, 22, 23, 24, 25, 26, 27, 28, 29, 31, 32, 33, 34, 36, 37, 39, 40, 41, 42, 44, 46, 47, 48, 49, 50, 51, 53, 55, 56, 57; 12:1, 2, 3, 6, 7, 8, 9, 10, 11, 12, 15, 16, 17, 18, 19, 20, 21, 23, 24, 25, 26, 30, 34, 35, 36, 37, 38, 39, 40, 41, 42, 43, 44, 45, 46, 47, 48; 13:1, 5, 6, 7, 8, 9, 10, 11, 12, 13, 14, 15, 16, 17, 18, 19, 20, 21, 22, 23, 24, 25, 26, 27, 28, 29, 30, 31, 33, 34, 35, 36, 37, 38; 14:1, 2, 3, 4, 5, 6, 7, 8, 9, 10, 12, 13, 14, 15, 16, 17, 18, 19, 20, 21, 22, 23, 24, 25, 26, 27, 28, 29, 30; 15:3, 4, 5, 6, 7, 8, 9, 10, 11, 12, 13, 14, 15, 16, 17, 18, 19, 20, 21, 22, 23, 24, 25, 26, 27; 16:1, 2, 3, 4, 5, 6, 7, 9, 10, 12, 13, 14, 15, 16, 17, 18, 19, 20, 21, 22, 23, 24, 25, 26, 27, 30, 31, 32, 33; 17:3, 6, 7, 8, 9, 10, 11, 12, 13, 14, 15, 16, 17, 18, 19, 20, 21, 22, 23, 24, 26; 18:4, 5, 6, 7, 8, 9, 10, 11, 13, 14, 16, 17, 18, 20, 21, 22, 23, 25, 26, 28, 29, 30, 31, 34, 35, 37, 38, 39, 40; 19:2, 3, 4, 5, 6, 7, 8, 9, 10, 11, 12, 13, 14, 15, 16, 18, 21, 22, 23, 24, 26, 27, 29, 31, 33, 35, 37, 38, 40, 42; 20:2, 4, 5, 6, 7, 8, 9, 10, 11, 13, 14, 15, 16, 17, 18, 19, 20, 21, 22, 23, 24, 25, 26, 27, 28, 29, 31; 21:3, 5, 6, 7, 8, 9, 10, 12, 13, 15, 16, 17, 18, 19, 20, 21, 22, 23, 24, 25
Acts 1:1, 2, 3, 4, 5, 6, 7, 8, 9, 10, 11, 12, 13, 16, 17, 18, 19, 20, 21, 22, 23, 24, 25, 26; 2:1, 2, 3, 4, 6, 7, 8, 11, 12, 14, 15, 17, 18, 21, 22, 23, 29, 30, 31, 32, 33, 34, 36, 37, 38, 39, 40, 41, 42, 45, 46; 3:2, 3, 4, 5, 6, 7, 8, 9, 10, 11, 12, 13, 14, 15, 16, 17, 19, 20, 22, 25, 26; 4:1, 2, 3, 4, 5, 7, 8, 9, 10, 11, 12, 13, 14, 15, 16, 17, 18, 19, 20, 21, 22, 23, 24, 29, 31, 32, 33, 34, 35, 36; 5:1, 2, 3, 4, 5, 6, 7, 8, 9, 10, 12, 13, 15, 16, 17, 18, 19, 21, 22, 23, 24, 25, 26, 27, 28, 29, 30, 32, 33, 35, 36, 37, 38, 39, 40, 41, 42; 6:1, 2, 3, 4, 5, 6, 9, 10, 11, 12, 14, 15; 7:2, 3, 4, 5, 6, 7, 8, 9, 10, 11, 12, 13, 14, 15, 19, 20, 21, 23, 24, 25, 26, 27, 28, 29, 30, 31, 32, 33, 34, 35, 36, 37, 38, 39, 40, 41, 42, 43, 44, 45, 46, 49, 51, 52, 53, 54, 55, 56, 57, 58, 59, 60; 8:1, 2, 3, 4, 5, 6, 7, 9, 10, 11, 12, 13, 14, 15, 16, 17, 18, 19, 20, 21, 22, 23, 24, 25, 27, 28, 29, 30, 31, 32, 33, 34, 35, 36, 37, 38, 39, 40; 9:2, 3, 4, 5, 6, 7, 8, 9, 10, 11, 12, 13, 14, 15, 16, 17, 18, 19, 20, 21, 23, 24, 25, 26, 27, 28, 29, 30, 32, 33, 34, 35, 36, 37, 38, 39, 40, 41, 43; 10:2, 3, 4, 5, 6, 7, 8, 9, 10, 11, 13, 14, 15, 17, 19, 20, 21, 22, 23, 24, 25, 26, 27, 28, 29, 30, 31, 32, 33, 34, 35, 37, 39, 41, 42, 43, 44, 45, 46, 47, 48; 11:2, 3, 4, 5, 6, 7, 8, 9, 11, 12, 13, 14, 15, 16, 17, 18, 19, 20, 21, 22, 23, 24, 26, 28, 29, 30; 12:1, 2, 3, 4, 5, 6, 7, 8, 9, 10, 11, 12, 14, 15, 16, 17, 19, 20, 21, 23, 25; 13:2, 3, 4, 5, 6, 7, 8, 9, 10, 11, 12, 13, 14, 15, 16, 17, 18, 19, 20, 21, 22, 25, 26, 27, 28, 29, 31, 32, 33, 34, 35, 36, 38, 39, 40, 41, 42, 43, 45, 46, 47, 48, 50, 51; 14:1, 2, 3, 5, 6, 7, 8, 9, 10, 11, 12, 13, 14, 15, 16, 17, 18, 19, 20, 21, 22, 23, 24, 25, 26, 27, 28; 15:1, 2, 3, 4, 5, 7, 8, 9, 10, 11, 12, 13, 14, 17, 19, 20, 21, 22, 23, 24, 25, 26, 27, 28, 29, 30, 31, 32, 33, 36, 37, 38, 39, 41; 16:1, 3, 4, 6, 7, 8, 9, 10, 11, 12, 13, 14, 15, 16, 17, 18, 19, 20, 21, 22, 23, 24, 25, 27, 28, 29, 30, 31, 32, 33, 34, 36, 37, 38, 39, 40; 17:1, 2, 3, 4, 5, 6, 7, 8, 9, 10, 11, 12, 13, 15, 16, 17, 18, 19, 20, 21, 22, 23, 26, 27, 28, 29, 32, 33, 34; 18:2, 3, 4, 6, 7, 8, 9, 10, 11, 12, 14, 15, 16, 17, 18, 19, 20, 21, 22, 23, 25, 26, 27, 28; 19:2, 3, 4, 5, 6, 8, 9, 10, 12, 13, 15, 16, 17, 18, 19, 21, 22, 25, 26, 27, 28, 29, 30, 31, 32, 33, 34, 35, 36, 37, 38, 39, 40, 41; 20:1, 2, 3, 4, 5, 6, 7, 8, 9, 10, 11, 12, 13, 14, 15, 16, 17, 18, 19, 20, 21, 22, 23, 24, 25, 26, 27, 28, 29, 30, 31, 32, 33, 34, 35, 36, 37, 38; 21:1, 2, 3, 4, 5, 6, 7, 8, 10, 11, 12, 13, 14, 15, 16, 17, 18, 19, 20, 21, 22, 23, 24, 25, 26, 27, 29, 30, 31, 32, 33, 34, 35, 36, 37, 38, 39, 40; 22:1, 2, 3, 4, 5, 6, 7, 8, 9, 10, 11, 13, 14, 15, 16, 17, 18, 19, 20, 21, 22, 23, 24, 25, 26, 27, 28, 29, 30; 23:1, 2, 3, 4, 5, 6, 7, 9, 10, 11, 12, 13, 14, 15, 16, 17, 18, 19, 20, 21, 22, 23, 24, 25, 27, 28, 29, 30, 31, 32, 33, 34, 35; 24:1, 2, 3, 4, 5, 6, 7, 8, 10, 11, 12, 13, 14, 15, 16, 17, 18, 19, 20, 21, 22, 23, 24, 25, 26; 25:1, 2, 3, 4, 5, 6, 7, 8, 9, 10, 11, 12, 14, 15, 16, 17, 18, 19, 20, 21, 22, 24, 25, 26, 27; 26:1, 2, 3, 4, 5, 6, 7, 8, 9, 10, 11, 12, 13, 14, 15, 16, 17, 18, 19, 20, 21, 22, 24, 25, 26, 27, 28, 29, 30, 31, 32; 27:1, 2, 3, 4, 5, 6, 7, 9, 10, 12, 13, 15, 16, 17, 18, 19, 20, 21, 22, 23, 24, 25, 26, 27, 28, 29, 30, 31, 32, 33, 34, 35, 36, 37, 38, 39, 40, 41, 42, 43, 44; 28:1, 2, 3, 4, 5, 6, 7, 8, 10, 11, 12, 13, 14, 15, 16, 17, 18, 19, 20, 21, 22, 23, 25, 26, 27, 28, 29, 30, 31
Rom 1:3, 5, 6, 7, 8, 9, 10, 11, 12, 13, 14, 15, 16, 18, 19, 20, 21, 22, 24, 25, 26, 27, 28, 32; 2:1, 2, 3, 4, 5, 6, 7, 8, 14, 15, 16, 17, 19, 21, 22, 23, 24, 25, 26, 27, 28, 29; 3:2, 3, 5, 7, 8, 9, 12, 13, 14, 15, 16, 17, 18, 19, 22, 26, 28, 31; 4:1, 2, 3, 4, 5, 6, 7, 8, 9, 10, 11, 12, 13, 14, 16, 17, 18, 19, 20, 22, 23, 24, 25; 5:1, 2, 3, 5, 6, 8, 9, 10, 11, 14, 17, 21; 6:1, 2, 3, 4, 5, 6, 7, 8, 11, 12, 13, 14, 15, 16, 17, 18, 19, 20, 21, 22, 23; 7:1, 2, 3, 4, 5, 6, 7, 8, 9, 10, 11, 13, 14, 15, 16, 17, 18, 19, 20, 21, 22, 23, 24, 25; 8:1, 2, 4, 5, 8, 9, 10, 11, 12, 13, 14, 15, 16, 17, 18, 22, 23, 24, 25, 26, 28, 29, 30, 31, 32, 33, 34, 35, 36, 37, 38, 39; 9:1, 2, 3, 4, 5, 6, 7, 8, 10, 12, 14, 15, 16, 17, 18, 19, 20, 24, 25, 26, 29, 30, 32, 33; 10:1, 2, 3, 5, 6, 7, 8, 9, 11, 13, 14, 15, 16, 18, 19, 20, 21; 11:1, 2, 3, 4, 7, 8, 9, 10, 11, 12, 13, 14, 15, 17, 18, 19, 20, 21, 22, 23, 24, 25, 27, 28, 30, 31, 32, 34, 35; 12:1, 2, 3, 4, 5, 6, 7, 8, 14, 15, 16, 18, 19, 20; 13:2, 3, 4, 5, 6, 7, 8, 9, 10, 11, 12, 13, 14; 14:1, 2, 3, 4, 5, 6, 7, 8, 10, 12, 13, 14, 15, 16, 18, 19, 20, 21, 22, 23; 15:1, 2, 3, 4, 5, 6, 7, 8, 9, 10, 11, 13, 14, 15, 16, 17, 18, 19, 20, 21, 22, 23, 24, 25, 26, 27, 28, 29, 30, 31, 32, 33; 16:1, 2, 3, 4, 5, 6, 7, 8, 9, 10, 11, 12, 13, 14, 15, 16, 17, 18, 19, 20, 21, 22, 23, 24, 25
1Cor 1:1, 2, 3, 4, 5, 6, 7, 8, 9, 10, 11, 12, 13, 14, 15, 16, 17, 18, 21, 23, 24, 26, 30, 31; 2:1, 2, 3, 4, 5, 6, 7, 8, 9, 10, 11, 12, 13, 14, 15, 16; 3:1, 2, 3, 4, 5, 6, 7, 8, 9, 10, 14, 15, 16, 17, 18, 19, 20, 21, 22, 23; 4:1, 3, 4, 6, 7, 8, 9, 10, 11, 12, 13, 14, 15, 16, 17, 18, 19, 21; 5:1, 2, 3, 4, 6, 7, 8, 9, 10, 11, 12, 13; 6:1, 2, 3, 4, 5, 7, 8, 9, 11, 12, 13, 14, 15, 16, 17, 18, 19, 20; 7:1, 2, 4, 5, 6, 7, 8, 9, 10, 11, 12, 13, 14, 15, 16, 17, 18, 20, 21, 22, 23, 24, 25, 26, 27, 28, 29, 30, 31, 32, 33, 34, 35, 36, 37, 38, 39, 40; 8:1, 2, 4, 6, 7, 8, 9, 10, 11, 12, 13; 9:1, 2, 3, 4, 5, 6, 7, 8, 9, 10, 11, 12, 13, 14, 15, 16, 17, 18, 19, 20, 21, 22, 23, 24, 25, 26, 27; 10:1, 4, 5, 6, 7, 8, 9, 10, 11, 12, 13, 14, 15, 16, 17, 18, 19, 20, 21, 22, 23, 24, 27, 28, 29, 30, 31, 33; 11:1, 2, 3, 4, 5, 6, 7, 10, 13, 14, 15, 16, 17, 18, 19, 20, 21, 22, 23, 24, 25, 26, 27, 28, 29, 30, 31, 32, 33, 34; 12:1, 2, 3, 13, 15, 16, 18, 19, 20, 21, 23, 24, 27, 31; 13:1, 2, 3, 5, 8, 9, 11, 12; 14:1, 2, 3, 4, 5, 6, 7, 8, 9, 10, 11, 12, 13, 14, 15, 16, 17, 18, 19, 20, 21, 22, 23, 24, 25, 26, 28, 30, 31, 34, 35, 36, 37, 38; 15:1, 2, 3, 6, 8, 9, 10, 11, 12, 14, 15, 17, 18, 19, 20, 23, 29, 30, 31, 32, 34, 35, 36, 37, 38, 48, 49, 50, 51, 52, 55, 57, 58; 16:1, 2, 3, 4, 5, 6, 7, 8, 9, 10, 11, 12, 13, 14, 15, 16, 17, 18, 19, 20, 21, 22, 23, 24
2Cor 1:1, 2, 3, 4, 5, 6, 7, 8, 9, 10, 11, 12, 13, 14, 15, 16, 17, 18, 19, 20, 21, 22, 23, 24; 2:1, 2, 3, 4, 5, 7, 8, 9, 10, 11, 12, 13, 14, 15, 16, 17; 3:1, 2, 3, 4, 5, 6, 7, 12, 13, 14, 15, 18; 4:1, 2, 3, 4, 5, 6, 7, 8, 10, 11, 12, 13, 14, 15, 16, 17, 18; 5:1, 2, 3, 4, 5, 6, 7, 8, 9, 10, 11, 12, 13, 14, 15, 16, 17, 18, 19, 20, 21; 6:1, 2, 4, 9, 11, 12, 13, 14, 16, 17, 18; 7:1, 2, 3, 4, 5, 6, 7, 8, 9, 11, 12, 13, 14, 15, 16; 8:1, 2, 3, 4, 5, 6, 7, 8, 9, 10, 11, 12, 13, 14, 15, 16, 17, 18, 19, 20, 22, 23, 24; 9:1, 2, 3, 4, 5, 6, 7, 8, 10, 11, 13, 14; 10:1, 2, 3, 4, 6, 7, 8, 9, 10, 11, 12, 13, 14, 15, 16, 17, 18; 11:1, 2, 3, 4, 5, 6, 7, 8, 9, 10, 11, 12, 13, 14, 15, 16, 17, 18, 19, 20, 21, 22, 23, 24, 25, 26, 28, 29, 30, 31, 32, 33; 12:1, 2, 3, 4, 5, 6, 7, 8, 9, 10, 11, 12, 13, 14, 15, 16, 17, 18, 19, 20, 21; 13:1, 2, 3, 4, 5, 6, 7, 8, 9, 10, 11, 13, 14
Gal 1:2, 3, 4, 6, 7, 8, 9, 10, 11, 12, 13, 14, 15, 16, 17, 18, 19, 20, 21, 23, 24; 2:1, 2, 3, 4, 5, 6, 7, 8, 9, 10, 11, 12, 13, 14, 15, 16, 17, 18, 19, 20, 21; 3:1, 2, 3, 4, 5, 6, 7, 8, 9, 10, 12, 13, 14, 15, 16, 17, 22, 23, 24, 25, 26, 27, 28, 29; 4:1, 3, 5, 6, 7, 8, 9, 10, 11, 12, 13, 14, 15, 16, 17, 18, 19, 20, 21, 23, 25, 26, 27, 28, 29, 30, 31; 5:1, 2, 3, 4, 5, 7, 8, 10, 11, 12, 13, 14, 15, 16, 17, 18, 21, 24, 25, 26; 6:1, 2, 3, 4, 5, 6, 7, 8, 9, 10, 11, 12, 13, 14, 16, 17, 18
Eph 1:2, 3, 4, 5, 6, 7, 8, 9, 11, 12, 13, 14, 15, 16, 17, 18, 19; 2:1, 2, 3, 4, 5, 6, 7, 8, 10, 11, 12, 13, 14, 17, 18, 19, 22; 3:1, 2, 3, 4, 7, 8, 11, 12, 13, 14, 16, 17, 19, 20; 4:1, 4, 6, 7, 13, 14, 17, 18, 19, 20, 21, 22, 23, 24, 25, 26, 28, 29, 30, 31, 32; 5:1, 2, 3, 5, 6, 7, 8, 11, 12, 14, 15, 17, 19, 20, 21, 22, 24, 25, 28, 29, 30, 31, 32, 33; 6:1, 2, 3, 4, 5, 8, 9, 10, 11, 12, 13, 14, 15, 16, 19, 20, 21, 22, 24
Phil 1:2, 3, 4, 5, 6, 7, 8, 9, 10, 12, 13, 14, 16, 17, 18, 19, 20, 21, 22, 23, 24, 25, 26, 27, 28, 29, 30; 2:2, 3, 4, 5, 12, 13, 15, 16, 17, 18, 19, 20, 21, 22, 23, 24, 25, 26, 27, 28, 29, 30; 3:1, 3, 4, 7, 8, 9, 10, 11, 12, 13, 14, 15, 16, 17, 18, 19, 20, 21; 4:1, 2, 3, 4, 5, 6, 7, 9, 10, 11, 12, 13, 14, 15, 16, 17, 18, 19, 20, 21, 22, 23
Col 1:1, 2, 3, 4, 5, 6, 7, 8, 9, 10, 12, 13, 14, 16, 20, 21, 22, 23, 24, 25, 27, 28, 29; 2:1, 2, 4, 5, 6, 7, 8, 10, 11, 12, 13, 14, 15, 16, 18, 20; 3:1, 2, 3, 4, 5, 7, 8, 9, 10, 13, 15, 16, 17, 18, 19, 20, 21, 22, 23, 24, 25; 4:1, 3, 4, 5, 6, 7, 8, 9, 10, 11, 12, 13, 14, 15, 16, 17, 18
1Thess 1:1, 2, 3, 4, 5, 6, 7, 8, 9, 10; 2:1, 2, 3, 4, 5, 6, 7, 8, 9, 10, 11, 12, 13, 14, 15, 16, 17, 18, 19, 20; 3:1, 2, 3, 4, 5, 6, 7, 8, 9, 10, 11, 12, 13; 4:1, 2, 3, 4, 6, 7, 8, 9, 10, 11, 12, 13, 14, 15, 17; 5:1, 2, 3, 4, 5, 6, 7, 8, 9, 10, 11, 12, 13, 14, 15, 18, 23, 24, 25, 27, 28
2Thess 1:1, 2, 3, 4, 5, 6, 7, 8, 9, 10, 11, 12; 2:1, 2, 3, 4, 5, 6, 7, 8, 9, 10, 11, 12, 13, 14, 15, 16, 17; 3:1, 2, 3, 4, 5, 6, 7, 8, 9, 10, 11, 12, 13, 14, 15, 16, 17, 18
1Tim 1:1, 2, 3, 7, 8, 10, 11, 12, 13, 14, 15, 16, 18, 20; 2:1, 2, 3, 7, 8, 9, 12, 15; 3:1, 4, 5, 6, 7, 10, 11, 12, 13, 14, 15; 4:2, 3, 6, 7, 10, 12, 13, 14, 15, 16; 5:1, 4, 5, 6, 7, 8, 10, 11, 12, 13, 14, 16, 17, 18, 20, 21, 22, 23, 24, 25; 6:1, 2, 3, 4, 5, 7, 8, 9, 10, 11, 12, 13, 14, 17, 18, 19, 20, 21
2Tim 1:2, 3, 4, 5, 6, 7, 8, 9, 10, 11, 12, 13, 14, 15, 16, 17, 18; 2:1, 2, 3, 4, 5, 7, 8, 9, 10, 11, 12, 13, 14, 15, 16, 17, 18, 19, 21, 22, 23, 25, 26; 3:2, 6, 9, 10, 11, 14, 15; 4:1, 3, 4, 5, 6, 7, 8, 9, 10, 11, 12, 13, 14, 15, 16, 17, 18, 20, 21, 22
Titus 1:3, 4, 5, 9, 10, 11, 12, 13, 15, 16; 2:1, 3, 4, 5, 7, 8, 9, 10, 12, 13, 14, 15; 3:1, 3, 4, 5, 6, 7, 8, 9, 11, 12, 13, 14, 15
Phlm 1:1, 2, 3, 4, 5, 6, 7, 8, 9, 10, 11, 12, 13, 14, 15, 16, 17, 18, 19, 20, 21, 22, 23, 24, 25
Heb 1:2, 3, 4, 11, 12, 14; 2:1, 3, 4, 5, 6, 7, 8, 9, 10, 11, 14, 15, 18; 3:1, 3, 6, 7, 9, 10, 11, 12, 13, 14, 15, 16, 17, 18, 19; 4:1, 2, 3, 5, 6, 7, 8, 10, 11, 13, 14, 15, 16; 5:1, 2, 3, 4, 9, 11, 12, 13, 14; 6:1, 3, 4, 6, 7, 8, 9, 10, 11, 12, 14, 15, 16, 18, 19, 20; 7:1, 2, 4, 5, 6, 8, 9, 10, 14, 19, 23, 25, 26, 27; 8:1, 5, 8, 9, 10, 11, 12; 9:5, 7, 9, 10, 12, 14, 15, 19, 20, 21, 23, 24, 28; 10:1, 2, 10, 14, 15, 16, 17, 20, 22, 23, 24, 25, 26, 28, 29, 30, 32, 33, 34, 35, 36, 38, 39; 11:3, 4, 5, 6, 7, 8, 9, 10, 11, 12, 13, 14, 15, 16, 17, 18, 19, 21, 22, 23, 24, 26, 27, 28, 29, 30, 31, 32, 33, 35, 37, 38, 40; 12:1, 2, 3, 4, 5, 6, 7, 8, 9, 10, 11, 13, 15, 16, 17, 18, 19, 20, 21, 22, 25, 28, 29; 13:3, 5, 6, 7, 9, 10, 11, 13, 14, 15, 17, 18, 19, 20, 21, 22, 23, 24, 25
Jas 1:2, 3, 4, 5, 6, 7, 8, 9, 10, 11, 12, 13, 14, 16, 18, 19, 21, 22, 23, 24, 25, 26, 27; 2:1, 2, 3, 4, 5, 6, 7, 8, 9, 10, 11, 12, 13, 14, 16, 18, 19, 20, 21, 22, 23, 24, 25; 3:1, 2, 3, 4, 6, 9, 10, 12, 13, 14, 18; 4:1, 2, 3, 4, 5, 7, 8, 9, 10, 11, 12, 13, 14, 15, 16, 17; 5:1, 2, 3, 4, 5, 6, 7, 8, 9, 10, 11, 12, 13, 14, 15, 16, 17, 18, 19, 20
1Pet 1:2, 3, 4, 5, 6, 7, 8, 9, 10, 11, 12, 13, 14, 15, 16, 17, 18, 20, 21, 22, 25; 2:2, 3, 5, 6, 7, 8, 9, 11, 12, 13, 14, 15, 16, 18, 20, 21, 24, 25; 3:1, 2, 3, 5, 6, 7, 8, 9, 10, 11, 12, 13, 14, 15, 16, 17, 18, 21; 4:1, 2, 3, 4, 5, 6, 7, 8, 11, 12, 13, 14, 15, 16, 17, 19; 5:1, 2, 4, 5, 6, 7, 8, 9, 10, 12, 13, 14
2Pet 1:1, 2, 3, 4, 5, 8, 9, 10, 11, 12, 13, 14, 15, 16, 18, 19, 21; 2:1, 2, 3, 4, 6, 8, 10, 11, 12, 13, 14, 15, 16, 17, 18, 19, 20, 21, 22; 3:1, 2, 3, 4, 5, 9, 11, 13, 14, 15, 16, 17, 18
1John 1:1, 2, 3, 4, 5, 6, 7, 8, 9, 10; 2:1, 2, 3, 4, 5, 6, 7, 8, 9, 10, 11, 12, 13, 14, 15, 17, 18, 19, 20, 21, 22, 23, 24, 25, 26, 27, 28, 29; 3:1, 2, 3, 4, 5, 6, 7, 8, 9, 10, 11, 12, 13, 14, 15, 16, 17, 18, 19, 20, 21, 22, 23, 24; 4:1, 2, 3, 4, 5, 6, 7, 8, 9, 10, 11, 12, 13, 14, 15, 16, 17, 18, 19, 20, 21; 5:1, 2, 3, 4, 5, 9, 10, 11, 12, 13, 14, 15, 16, 18, 19, 20, 21
2John 1:1, 2, 3, 4, 5, 6, 7, 8, 9, 10, 11, 12, 13
3John 1:1, 2, 3, 4, 5, 6, 7, 8, 9, 10, 11, 12, 13, 14
Jude 1:1, 2, 3, 4, 5, 6, 7, 9, 10, 11, 12, 13, 15, 16, 17, 18, 19, 20, 21, 23, 24, 25
Rev 1:2, 3, 4, 5, 6, 7, 9, 10, 11, 12, 15, 17, 19, 20; 2:2, 4, 5, 6, 7, 9, 10, 11, 13, 14, 15, 16, 17, 19, 20, 21, 22, 23, 24, 25, 26, 27, 28, 29; 3:1, 2, 3, 4, 5, 6, 8, 9, 10, 11, 12, 13, 15, 16, 17, 18, 20, 21, 22; 4:1, 2, 4, 8, 10, 11; 5:1, 2, 4, 5, 6, 8, 9, 10, 11, 13; 6:1, 2, 3, 4, 5, 6, 7, 8, 9, 10, 11, 12, 13, 14, 15, 16, 17; 7:1, 2, 3, 4, 9, 10, 11, 12, 13, 14, 15, 16, 17; 8:2, 3, 6, 7, 11, 12, 13; 9:1, 2, 3, 4, 5, 6, 7, 8, 9, 10, 11, 13, 16, 17, 18, 19, 20, 21; 10:1, 2, 3, 4, 5, 7, 8, 9, 10, 11; 11:1, 2, 3, 5, 6, 7, 8, 9, 10, 11, 12, 15, 16, 17, 18; 12:1, 2, 3, 4, 5, 6, 7, 8, 9, 10, 11, 12, 13, 14, 15, 16, 17; 13:1, 2, 3, 4, 5, 6, 7, 8, 9, 10, 11, 12, 13, 14, 15, 16, 17, 18; 14:1, 2, 3, 4, 5, 6, 8, 9, 10, 11, 12, 13, 14, 15, 16, 17, 18, 19; 15:1, 2, 3, 4, 5, 6; 16:1, 2, 3, 4, 5, 6, 7, 8, 9, 10, 11, 12, 13, 14, 15, 16, 17, 19; 17:1, 2, 3, 4, 5, 6, 7, 8, 10, 11, 12, 13, 14, 15, 16, 17, 18; 18:1, 2, 3, 4, 5, 6, 7, 8, 9, 10, 11, 14, 15, 18, 19, 20, 22, 23, 24; 19:1, 2, 3, 5, 6, 7, 8, 9, 10, 11, 15, 17, 18, 19, 20, 21; 20:1, 2, 3, 4, 6, 7, 8, 9, 10, 11, 12, 13, 15; 21:1, 2, 3, 4, 5, 6, 7, 8, 9, 10, 11, 14, 15, 16, 17, 22, 24, 26, 27; 22:1, 2, 4, 5, 6, 7, 8, 9, 10, 11, 12, 14, 15, 16, 17, 18, 19, 21
