# Every verse containing Proper Places (#2fa648) - 6,094 verses
# Format: Book chapter:verse, verse; chapter:verse ...  (verse 0 = psalm title)

Gen 1:8, 10; 2:8, 10, 11, 13, 14, 15; 3:23, 24; 4:16; 8:4; 10:10, 11, 12, 19, 30; 11:2, 9, 28, 31; 12:4, 5, 6, 8, 10, 11, 14; 13:1, 3, 10, 11, 12, 13, 18; 14:1, 2, 3, 5, 6, 7, 8, 9, 10, 11, 12, 14, 15, 17, 18, 21, 22; 15:2, 7, 18; 16:3, 7, 14; 17:8; 18:1, 16, 20, 22, 26; 19:1, 4, 22, 23, 24, 28, 30; 20:1, 2; 21:14, 21, 31, 32, 33; 22:2, 14, 19; 23:2, 9, 17, 19; 24:10, 62; 25:9, 11, 18, 20, 30; 26:1, 2, 6, 17, 20, 21, 22, 23, 26, 33; 27:43; 28:1, 2, 5, 6, 7, 8, 10, 19; 29:4; 31:13, 18, 21, 23, 25, 47, 48, 49; 32:2, 3, 10, 22, 30, 31; 33:14, 16, 17, 18, 20; 34:7; 35:1, 3, 4, 6, 7, 8, 9, 15, 16, 19, 21, 26, 27; 36:1, 2, 5, 6, 8, 9, 16, 17, 19, 21, 30, 31, 32, 33, 34, 35, 36, 37, 39, 43; 37:1, 12, 13, 14, 17, 25, 28, 36; 38:5, 12, 13, 14; 39:1; 40:1, 5; 41:8, 19, 29, 30, 33, 34, 36, 41, 43, 44, 45, 46, 48, 50, 53, 54, 55, 56, 57; 42:1, 2, 3, 5, 7, 13, 29, 32; 43:2, 15; 44:8; 45:4, 8, 9, 10, 13, 17, 18, 19, 20, 23, 25, 26; 46:1, 3, 4, 5, 6, 7, 8, 12, 15, 20, 26, 27, 28, 29, 31, 34; 47:1, 4, 6, 11, 13, 14, 15, 20, 21, 26, 27, 28, 29, 30; 48:3, 5, 7; 49:13, 30; 50:5, 7, 8, 10, 11, 13, 14, 22, 26
Exod 1:1, 5, 8, 11, 15, 17, 18; 2:16, 23; 3:1, 7, 10, 11, 12, 16, 17, 18, 19, 20; 4:18, 19, 20, 21; 5:4, 12; 6:4, 11, 13, 26, 27, 28, 29; 7:3, 4, 5, 11, 19, 21, 22; 8:5, 6, 7, 16, 17, 22, 24; 9:4, 6, 9, 18, 22, 23, 24, 25, 26; 10:2, 7, 12, 13, 14, 15, 19, 21, 22; 11:1, 3, 4, 5, 6, 9; 12:1, 12, 13, 17, 27, 29, 30, 37, 39, 40, 41, 42, 51; 13:3, 8, 9, 14, 15, 16, 17, 18, 20; 14:2, 5, 7, 8, 9, 11, 12; 15:4, 14, 15, 17, 22, 23, 27; 16:1, 3, 6, 32, 35; 17:1, 3, 6, 7, 8; 18:1; 19:1, 2, 11, 18, 20, 23; 20:2; 22:21; 23:9, 15, 31; 24:16; 29:46; 31:18; 32:1, 4, 7, 8, 11, 23; 33:1, 6, 7; 34:2, 4, 18, 29, 32
Lev 7:38; 11:45; 14:34; 18:3; 19:34, 36; 20:2; 22:18, 33; 23:43; 25:1, 38, 42, 55; 26:13, 45, 46; 27:34
Num 1:1, 3, 16, 19, 45; 3:1, 4, 13, 14; 4:46; 7:2, 84; 8:17; 9:1, 5; 10:4, 12, 29, 36; 11:3, 5, 16, 18, 20, 30, 34, 35; 12:16; 13:2, 3, 17, 21, 22, 23, 24, 26, 29; 14:2, 3, 4, 19, 22, 25, 45; 15:41; 16:9, 25, 34; 18:14, 21; 19:13; 20:1, 5, 13, 14, 15, 16, 18, 20, 21, 22, 23, 24, 25, 27, 29; 21:1, 2, 3, 4, 5, 6, 10, 11, 12, 13, 14, 15, 16, 17, 18, 19, 20, 21, 23, 24, 25, 26, 27, 28, 29, 30, 31, 32, 33, 34; 22:1, 2, 3, 4, 5, 7, 8, 10, 11, 14, 21, 36, 39; 23:6, 7, 10, 14, 17, 21, 22, 23, 28; 24:1, 2, 5, 8, 17, 18, 19, 24; 25:1, 3, 4, 5, 8, 15, 18; 26:2, 3, 4, 19, 59, 63, 64; 27:12, 14; 28:6; 31:3, 4, 5, 8, 9, 12, 16; 32:1, 3, 4, 5, 8, 9, 11, 13, 14, 19, 21, 22, 26, 29, 30, 32, 33, 34, 35, 36, 37, 38, 39, 40, 41, 42; 33:1, 3, 5, 6, 7, 8, 9, 10, 11, 12, 13, 14, 15, 16, 17, 18, 19, 20, 21, 22, 23, 24, 25, 26, 27, 28, 29, 30, 31, 32, 33, 34, 35, 36, 37, 38, 39, 40, 41, 42, 43, 44, 45, 46, 47, 48, 49, 50, 51; 34:2, 3, 4, 5, 6, 7, 8, 9, 10, 11, 12, 15, 29; 35:1, 10, 14; 36:13
Deut 1:1, 2, 4, 5, 6, 7, 19, 24, 27, 30, 38, 40, 44, 46; 2:1, 4, 5, 8, 9, 12, 13, 14, 18, 22, 23, 24, 26, 29, 30, 32, 36, 37; 3:1, 2, 3, 4, 6, 8, 9, 10, 11, 12, 13, 14, 15, 16, 17, 20, 25, 27, 29; 4:1, 10, 15, 20, 21, 22, 26, 34, 37, 41, 43, 45, 46, 47, 48, 49; 5:1, 2, 6, 15; 6:3, 4, 12, 16, 21, 22; 7:8, 15, 18; 8:14; 9:1, 7, 8, 12, 22, 23, 26; 10:6, 7, 12, 19, 22; 11:3, 4, 6, 10, 24, 29, 30, 31; 12:10; 13:5, 10, 11; 15:15; 16:1, 3, 6, 12; 17:4, 12, 16, 20; 18:1, 6, 16; 19:13; 20:1, 3; 21:8, 21; 22:19, 21, 22; 23:4, 17; 24:9, 18, 22; 25:6, 7, 10, 17; 26:5, 8, 15; 27:1, 2, 4, 9, 12, 13, 14; 28:27, 60, 68; 29:1, 2, 7, 10, 16, 21, 23, 25; 30:18; 31:1, 2, 7, 9, 11, 13, 30; 32:14, 15, 32, 45, 47, 49, 50, 51; 33:2, 5, 8, 22, 26, 28, 29; 34:1, 2, 3, 5, 6, 8, 10, 11, 12
Josh 1:2, 4, 11, 14, 15; 2:1, 2, 3, 7, 10; 3:1, 7, 8, 11, 12, 13, 14, 15, 16, 17; 4:1, 3, 5, 7, 8, 9, 10, 13, 14, 16, 17, 18, 19, 20, 22, 23; 5:1, 4, 5, 6, 9, 10, 12, 13; 6:1, 2, 18, 23, 25, 26; 7:2, 3, 4, 5, 6, 7, 8, 11, 13, 15, 16, 19, 20, 24, 25, 26; 8:1, 2, 3, 9, 10, 11, 12, 14, 15, 16, 17, 18, 20, 21, 22, 23, 24, 25, 26, 27, 28, 29, 30, 33, 35; 9:1, 2, 3, 6, 7, 9, 10, 17, 18, 19; 10:1, 2, 3, 4, 5, 6, 7, 9, 10, 11, 12, 14, 15, 16, 17, 21, 23, 24, 28, 29, 30, 31, 32, 33, 34, 35, 36, 37, 38, 39, 40, 41, 42, 43; 11:1, 2, 3, 5, 6, 7, 8, 10, 11, 13, 16, 17, 19, 20, 21, 22, 23; 12:1, 2, 3, 4, 5, 7, 9, 10, 11, 12, 13, 14, 15, 16, 17, 18, 19, 20, 21, 22, 23, 24; 13:2, 3, 4, 5, 6, 8, 9, 10, 11, 12, 14, 16, 17, 18, 19, 20, 21, 23, 25, 26, 27, 30, 31, 32, 33; 14:1, 3, 6, 7, 13, 14, 15; 15:1, 2, 3, 4, 5, 6, 7, 8, 9, 10, 11, 12, 13, 15, 16, 21, 22, 23, 24, 25, 26, 27, 28, 29, 30, 31, 32, 33, 34, 35, 36, 37, 38, 39, 40, 41, 42, 43, 44, 45, 46, 47, 48, 49, 50, 51, 52, 53, 54, 55, 56, 57, 58, 59, 60, 61, 62, 63; 16:1, 2, 3, 5, 6, 7, 8, 10; 17:1, 5, 6, 7, 8, 9, 10, 11, 15, 16; 18:1, 5, 7, 8, 9, 10, 12, 13, 14, 15, 16, 17, 18, 19, 20, 21, 22, 23, 24, 25, 26, 27, 28; 19:2, 3, 4, 5, 6, 7, 8, 10, 11, 12, 13, 14, 15, 18, 19, 20, 21, 22, 25, 26, 27, 28, 29, 30, 33, 34, 35, 36, 37, 38, 41, 42, 43, 44, 45, 46, 47, 50, 51; 20:7, 8; 21:2, 6, 11, 13, 14, 15, 16, 17, 18, 21, 22, 23, 24, 25, 27, 28, 29, 30, 31, 32, 34, 35, 36, 37, 38, 39, 43, 45; 22:4, 7, 9, 10, 11, 12, 13, 14, 15, 16, 17, 18, 20, 21, 22, 24, 25, 30, 32, 34; 23:1, 2, 4; 24:1, 2, 3, 4, 5, 6, 7, 8, 9, 11, 14, 17, 23, 25, 30, 31, 32, 33
Judg 1:4, 5, 7, 8, 10, 11, 12, 16, 17, 18, 20, 21, 22, 23, 26, 27, 28, 29, 30, 31, 33, 35, 36; 2:1, 5, 7, 9, 10, 12, 14, 20, 22; 3:1, 3, 4, 8, 10, 12, 13, 14, 15, 17, 19, 26, 27, 28, 29, 30, 31; 4:2, 4, 5, 6, 7, 9, 10, 11, 12, 13, 14, 16, 17, 23, 24; 5:2, 3, 4, 5, 7, 8, 9, 11, 17, 19, 21, 23; 6:1, 2, 3, 4, 6, 8, 11, 13, 14, 15, 24, 33, 36, 37; 7:1, 2, 3, 8, 13, 14, 15, 22, 23, 24, 25; 8:3, 4, 5, 6, 8, 9, 10, 11, 12, 14, 15, 16, 17, 18, 22, 26, 27, 28, 31, 32, 35; 9:5, 6, 7, 15, 17, 20, 21, 22, 23, 24, 25, 26, 28, 31, 34, 37, 39, 41, 46, 47, 48, 49, 50, 55, 57; 10:1, 2, 3, 4, 5, 6, 7, 8, 9, 16, 17, 18; 11:1, 2, 3, 4, 5, 7, 8, 9, 10, 11, 13, 15, 16, 17, 18, 19, 20, 21, 22, 23, 25, 26, 29, 33, 34, 39, 40; 12:4, 5, 6, 7, 8, 9, 10, 11, 12, 13, 14, 15; 13:2, 5, 25; 14:1, 2, 4, 5, 19; 15:8, 9, 11, 14, 17, 19, 20; 16:1, 3, 4, 21, 31; 17:1, 6, 7, 8, 9; 18:1, 2, 7, 8, 11, 12, 13, 14, 19, 27, 28, 29, 31; 19:1, 2, 10, 11, 13, 14, 15, 16, 18, 29, 30; 20:1, 2, 3, 4, 5, 6, 9, 10, 13, 14, 15, 17, 18, 19, 20, 21, 22, 29, 30, 31, 33, 34, 35, 36, 37, 38, 39, 41, 42, 43, 45, 47; 21:1, 3, 5, 6, 8, 9, 10, 12, 13, 14, 15, 17, 19, 21, 25
Ruth 1:1, 2, 4, 6, 7, 19, 22; 2:4, 6, 12; 4:3, 7, 11, 14
1Sam 1:1, 3, 9, 17, 19, 24; 2:11, 14, 22, 27, 29, 30, 32; 3:11, 20, 21; 4:1, 2, 3, 4, 5, 10, 12, 17, 18, 21, 22; 5:1, 3, 5, 6, 7, 8, 10, 11; 6:3, 5, 9, 12, 13, 14, 15, 16, 17, 18, 19, 20, 21; 7:1, 2, 3, 5, 6, 7, 9, 10, 11, 12, 13, 14, 15, 16, 17; 8:1, 2, 4, 8, 22; 9:1, 4, 5, 9, 16, 20, 21; 10:2, 3, 8, 17, 18, 20; 11:1, 2, 3, 4, 7, 8, 9, 10, 13, 14, 15; 12:1, 6, 8, 9; 13:1, 2, 3, 4, 5, 6, 7, 8, 11, 12, 13, 15, 16, 17, 18, 19, 23; 14:2, 3, 4, 5, 12, 16, 22, 23, 24, 31, 37, 39, 40, 41, 45, 47, 48; 15:1, 2, 4, 5, 6, 7, 12, 17, 20, 21, 26, 28, 29, 30, 33, 34, 35; 16:1, 4, 13; 17:1, 2, 3, 4, 8, 10, 11, 12, 15, 19, 21, 23, 24, 25, 26, 45, 46, 52, 54; 18:6, 16, 18; 19:5, 18, 19, 22, 23; 20:1, 6, 12, 19, 28; 21:1, 9, 10, 12; 22:1, 3, 4, 5, 6, 9, 11, 19; 23:1, 2, 3, 4, 5, 6, 7, 8, 10, 11, 12, 13, 14, 15, 17, 19, 23, 24, 25, 28, 29; 24:1, 2, 14, 20; 25:1, 2, 5, 7, 30, 32, 34, 40, 43, 44; 26:1, 2, 3, 15, 20; 27:1, 2, 3, 4, 6, 8, 10, 11, 12; 28:1, 3, 4, 7, 18, 19; 29:1, 3, 11; 30:1, 9, 10, 13, 14, 16, 21, 25, 26, 27, 28, 29, 30, 31; 31:1, 7, 8, 10, 11, 12, 13
2Sam 1:1, 3, 6, 12, 19, 20, 21, 24; 2:1, 3, 4, 5, 7, 8, 9, 10, 11, 12, 13, 15, 16, 17, 24, 28, 29, 31, 32; 3:2, 3, 5, 8, 10, 12, 16, 17, 18, 19, 20, 21, 22, 26, 27, 30, 32, 37, 38; 4:1, 2, 3, 4, 8, 10, 12; 5:1, 2, 3, 5, 6, 7, 9, 11, 12, 13, 14, 17, 18, 20, 22, 25; 6:1, 2, 3, 4, 5, 8, 15, 19, 20, 21; 7:6, 7, 8, 10, 11, 23, 24, 26, 27; 8:1, 2, 3, 5, 6, 7, 8, 9, 12, 13, 14, 15; 9:4, 5, 13; 10:5, 6, 8, 9, 14, 15, 16, 17, 18, 19; 11:1, 11, 12, 21; 12:7, 8, 12, 26, 27, 29, 31; 13:12, 13, 23, 37, 38; 14:2, 4, 9, 23, 25, 28, 32; 15:2, 6, 7, 8, 9, 10, 11, 12, 13, 14, 18, 23, 29, 30, 37; 16:3, 15, 18, 21, 22; 17:4, 10, 11, 13, 14, 15, 17, 18, 20, 22, 24, 26, 27; 18:6, 7, 16, 17; 19:8, 9, 11, 14, 15, 16, 17, 18, 19, 22, 25, 31, 32, 33, 34, 36, 39, 40, 41, 42, 43; 20:1, 2, 3, 4, 5, 7, 8, 14, 15, 19, 21, 22, 23; 21:2, 4, 5, 12, 14, 15, 17, 18, 19, 20, 21, 22; 23:1, 3, 9, 13, 14, 15, 16, 20, 24, 30, 36; 24:1, 2, 4, 5, 6, 7, 8, 9, 15, 16, 25
1Kgs 1:3, 9, 20, 30, 33, 34, 35, 38, 45, 48; 2:4, 5, 8, 11, 15, 26, 27, 32, 36, 37, 38, 39, 40, 41; 3:1, 4, 5, 15, 28; 4:1, 7, 8, 9, 10, 11, 12, 13, 14, 15, 16, 17, 18, 19, 20, 21, 24, 25, 30, 33; 5:1, 6, 9, 13, 14; 6:1; 7:2, 13, 14, 21, 46; 8:1, 2, 3, 5, 9, 14, 15, 16, 17, 20, 21, 22, 23, 25, 26, 30, 33, 34, 36, 38, 41, 43, 51, 52, 53, 55, 56, 59, 62, 65, 66; 9:2, 5, 7, 9, 11, 12, 13, 15, 16, 17, 18, 19, 24, 26, 28; 10:1, 2, 4, 9, 10, 11, 13, 15, 17, 21, 22, 26, 27, 28, 29; 11:7, 9, 13, 14, 15, 16, 17, 18, 21, 23, 24, 25, 26, 27, 29, 31, 32, 36, 37, 38, 40, 42; 12:1, 2, 3, 16, 17, 18, 19, 20, 21, 23, 25, 27, 28, 29, 32, 33; 13:1, 4, 10, 11, 12, 14, 21, 32; 14:2, 4, 7, 10, 13, 14, 15, 16, 17, 18, 19, 21, 22, 25, 29; 15:1, 2, 4, 7, 9, 10, 13, 16, 17, 18, 19, 20, 21, 22, 23, 25, 26, 27, 28, 30, 31, 32, 33, 34; 16:2, 5, 6, 8, 9, 10, 13, 14, 15, 16, 17, 19, 20, 21, 23, 24, 26, 27, 28, 29, 32, 33, 34; 17:1, 3, 5, 9, 10, 14; 18:2, 17, 18, 19, 20, 36, 40, 42, 45, 46; 19:3, 8, 15, 16, 18; 20:1, 2, 4, 7, 10, 11, 13, 17, 20, 21, 22, 23, 26, 28, 30, 31, 32, 34, 40, 41, 43; 21:1, 7, 18, 21, 22, 23; 22:1, 2, 3, 4, 5, 6, 8, 9, 10, 12, 15, 17, 18, 20, 26, 29, 30, 31, 32, 33, 34, 37, 38, 39, 41, 42, 44, 45, 47, 48, 51, 52, 53
2Kgs 1:1, 2, 3, 6, 16, 17, 18; 2:1, 2, 3, 4, 5, 6, 7, 12, 13, 15, 18, 23, 25; 3:1, 3, 4, 5, 6, 7, 8, 9, 10, 11, 12, 13, 14, 20, 23, 24, 25, 26, 27; 4:8, 25, 38, 42; 5:1, 2, 3, 4, 5, 6, 7, 8, 10, 12, 14, 15, 18, 22; 6:2, 4, 8, 9, 10, 11, 12, 13, 19, 20, 21, 23, 24, 25, 26; 7:1, 5, 6, 13, 15, 18; 8:7, 9, 13, 16, 17, 18, 19, 20, 21, 22, 23, 25, 26, 28, 29; 9:1, 3, 4, 6, 8, 10, 12, 14, 15, 16, 17, 21, 27, 28, 29, 30, 36, 37; 10:1, 6, 7, 11, 12, 13, 17, 21, 28, 29, 30, 31, 32, 33, 34, 35, 36; 11:6; 12:1, 17, 18, 19, 20; 13:1, 2, 3, 4, 5, 6, 7, 8, 9, 10, 11, 12, 13, 14, 16, 17, 18, 19, 22, 24, 25; 14:1, 2, 7, 8, 9, 10, 11, 12, 13, 14, 15, 16, 17, 18, 19, 20, 21, 22, 23, 24, 25, 26, 27, 28, 29; 15:1, 2, 6, 8, 9, 11, 12, 13, 14, 15, 16, 17, 18, 19, 20, 21, 23, 24, 25, 26, 27, 28, 29, 31, 32, 33, 36, 37; 16:1, 2, 3, 5, 6, 7, 8, 9, 10, 11, 12, 18, 19; 17:1, 2, 3, 4, 5, 6, 7, 8, 13, 18, 19, 20, 21, 23, 24, 26, 27, 28, 30, 31, 34, 36; 18:1, 2, 5, 7, 8, 9, 10, 11, 13, 14, 16, 17, 19, 21, 22, 23, 24, 28, 30, 31, 33, 34, 35; 19:4, 6, 8, 9, 10, 11, 12, 13, 15, 17, 20, 21, 22, 23, 30, 31, 32, 36, 37; 20:6, 12, 14, 17, 18, 20; 21:1, 3, 4, 7, 8, 11, 12, 13, 15, 16, 17, 19, 25; 22:1, 13, 14, 15, 16, 18; 23:1, 2, 4, 5, 6, 8, 9, 10, 11, 12, 13, 15, 17, 18, 19, 20, 22, 23, 24, 26, 27, 28, 29, 30, 31, 33, 34, 36; 24:1, 2, 3, 4, 5, 7, 8, 10, 11, 12, 13, 14, 15, 16, 17, 18, 20; 25:1, 5, 6, 7, 8, 9, 10, 11, 13, 20, 21, 22, 23, 24, 25, 26, 27, 28
1Chr 1:43, 44, 46, 47, 48, 50, 51, 54; 2:7, 21, 22, 23, 24, 42, 44, 45, 49, 50, 51, 52, 53, 54, 55; 3:1, 2, 4, 5; 4:4, 14, 22, 28, 29, 30, 31, 32, 39, 41, 42; 5:6, 8, 9, 10, 11, 12, 16, 17, 23, 26; 6:10, 15, 32, 49, 55, 57, 58, 59, 60, 62, 67, 68, 69, 70, 71, 72, 73, 74, 75, 76, 77, 78, 79, 80, 81; 7:14, 17, 21, 24, 28, 29; 8:6, 8, 12, 13, 28, 29, 32; 9:1, 3, 34, 35, 38; 10:1, 7, 8, 11, 12; 11:1, 2, 3, 4, 5, 8, 10, 13, 15, 16, 17, 18, 22, 26, 31, 32; 12:1, 7, 15, 16, 19, 20, 23, 32, 37, 38, 40; 13:2, 5, 6, 8, 9, 11; 14:1, 2, 3, 4, 8, 9, 11, 16; 15:3, 12, 14, 25, 28; 16:3, 4, 18, 36, 39, 40; 17:21; 18:1, 2, 3, 5, 6, 7, 8, 9, 11, 12, 13, 14; 19:1, 2, 3, 5, 6, 7, 9, 10, 11, 12, 15, 16, 17, 18, 19; 20:1, 3, 4, 6, 7, 8; 21:1, 2, 3, 4, 5, 6, 7, 12, 14, 15, 16, 29; 22:1, 2, 4, 6, 9, 10, 12, 13, 17; 23:1, 2, 25; 24:19; 26:15, 16, 17, 18, 29, 30, 31; 27:16, 21, 22, 23, 24, 29; 28:1, 4, 5, 8; 29:4, 6, 10, 21, 23, 25, 26, 27, 30
2Chr 1:2, 3, 4, 13, 14, 15, 16, 17; 2:3, 4, 7, 8, 11, 12, 14, 16, 17; 3:1, 6, 17; 4:17; 5:2, 3, 4, 6, 10; 6:3, 4, 5, 6, 10, 12, 13, 16, 21, 24, 25, 27, 29, 32, 33; 7:6, 8, 10, 18, 22; 8:3, 4, 5, 6, 7, 11, 17, 18; 9:1, 3, 8, 9, 10, 11, 12, 14, 16, 20, 21, 25, 26, 27, 28, 30; 10:1, 2, 3, 16, 17, 18, 19; 11:1, 3, 5, 6, 7, 8, 9, 10, 12, 13, 14, 16, 17, 23; 12:1, 2, 3, 4, 5, 6, 7, 9, 12, 13; 13:1, 2, 4, 5, 13, 14, 15, 16, 17, 19; 14:4, 5, 6, 7, 8, 9, 10, 12, 13, 14, 15; 15:2, 3, 4, 8, 9, 10, 13, 15, 16, 17; 16:1, 2, 3, 4, 5, 6, 7, 11; 17:1, 2, 4, 5, 6, 7, 9, 10, 12, 13, 14, 17, 19; 18:2, 3, 4, 5, 7, 8, 9, 10, 11, 14, 16, 17, 19, 25, 28, 29, 30, 31, 32, 33, 34; 19:1, 4, 5, 8, 11; 20:1, 2, 3, 4, 5, 7, 10, 13, 15, 16, 17, 18, 19, 20, 22, 23, 24, 26, 27, 28, 29, 31, 34, 35, 36, 37; 21:2, 3, 4, 5, 6, 8, 10, 11, 12, 13, 17, 20; 22:1, 2, 5, 6, 8, 9, 10; 23:2, 8; 24:1, 5, 6, 9, 16, 17, 18, 23; 25:1, 5, 6, 7, 9, 10, 11, 12, 13, 14, 17, 18, 19, 20, 21, 22, 23, 24, 25, 26, 27, 28; 26:1, 2, 3, 6, 7, 8, 9, 10, 15; 27:1, 3, 4, 5, 7, 8; 28:1, 2, 5, 6, 7, 8, 9, 10, 13, 15, 16, 17, 18, 19, 20, 21, 23, 24, 25, 26, 27; 29:1, 7, 8, 10, 16, 21, 24, 27; 30:1, 2, 3, 5, 6, 10, 11, 12, 13, 14, 18, 21, 24, 25, 26; 31:1, 4, 5, 6, 8, 20; 32:1, 2, 4, 5, 7, 8, 9, 10, 11, 12, 17, 18, 19, 21, 22, 23, 25, 26, 30, 31, 32, 33; 33:1, 4, 7, 8, 9, 11, 13, 14, 15, 16, 18, 21; 34:1, 3, 5, 6, 7, 9, 11, 21, 22, 23, 24, 26, 29, 30, 32, 33; 35:1, 3, 4, 18, 20, 21, 22, 24, 25, 27; 36:1, 2, 3, 4, 5, 6, 7, 8, 9, 10, 11, 13, 14, 18, 19, 20, 22, 23
Ezra 1:1, 2, 3, 4, 5, 7, 8, 11; 2:1, 2, 21, 22, 23, 24, 25, 26, 27, 28, 29, 30, 31, 32, 33, 34, 35, 57, 59, 68, 70; 3:1, 7, 8, 9, 10, 11; 4:1, 2, 3, 4, 5, 6, 7, 8, 10, 12, 17, 20, 23, 24; 5:1, 2, 8, 11, 12, 13, 14, 15, 16, 17; 6:1, 2, 3, 5, 9, 12, 14, 17, 18, 22; 7:1, 6, 7, 8, 9, 10, 11, 13, 14, 15, 16, 17, 19, 27, 28; 8:1, 15, 17, 21, 25, 29, 30, 31, 32, 35; 9:1, 9; 10:1, 2, 5, 7, 9, 10
Neh 1:1, 2, 3; 2:5, 7, 11, 12, 13, 17, 20; 3:1, 2, 7, 8, 9, 12, 13, 14, 15, 16, 17, 18, 19, 26, 27, 31; 4:2, 7, 8, 10, 16, 22; 5:14; 6:2, 7, 17, 18; 7:2, 3, 6, 7, 26, 27, 28, 29, 30, 31, 32, 33, 34, 35, 36, 37, 38, 61; 8:1, 15, 16; 9:7, 9, 13, 18, 22, 32; 11:1, 2, 3, 4, 6, 20, 21, 22, 24, 25, 26, 27, 28, 29, 30, 31, 32, 33, 34, 35, 36; 12:27, 28, 29, 31, 32, 37, 39, 43, 44, 47; 13:6, 7, 12, 15, 16, 17, 18, 19, 20, 23, 24, 26
Esth 1:1, 2, 3, 5, 14, 18; 2:3, 5, 6, 8; 3:15; 4:8, 16; 8:9, 14, 15; 9:6, 11, 12, 13, 14, 15, 18; 10:2
Job 1:1; 6:19; 9:9; 22:24; 28:16, 19; 38:31, 32; 40:23
Ps 2:6; 9:11, 14; 14:7; 20:2; 22:3, 12; 24:6; 25:22; 29:5, 6, 8; 42:6; 44:4; 45:9, 12; 48:2, 7, 11, 12; 50:2, 7; 51:18; 53:6; 56:0; 59:13; 60:0, 6, 7, 8, 9; 63:0; 65:1; 68:8, 14, 15, 17, 22, 29, 31, 34; 69:35; 72:10, 15, 16; 73:1; 74:2; 76:1, 2; 78:5, 12, 21, 31, 41, 43, 51, 59, 60, 68, 71; 79:1, 3, 7; 80:1, 8; 81:5, 7, 8, 10, 11, 13; 83:4, 6, 7, 9, 10; 84:6, 7; 85:1; 87:2, 4, 5; 89:10, 12, 18; 92:12; 97:8; 98:3; 99:2, 4; 102:13, 16, 21; 104:16; 105:11, 23, 38; 106:7, 9, 19, 21, 22, 28, 38; 108:7, 8, 9, 10; 110:2; 114:1, 2, 3, 5, 7; 116:19; 118:2; 120:5; 121:4; 122:2, 3, 4, 6; 124:1; 125:1, 2, 5; 126:1; 128:5, 6; 129:1, 5; 130:7, 8; 131:3; 132:6, 13; 133:3; 134:3; 135:4, 8, 9, 11, 12, 21; 136:10, 11, 13, 14, 15, 20, 22; 137:1, 3, 5, 6, 7, 8; 146:10; 147:2, 12, 19; 149:2
Prov 1:1; 7:16; 25:1
Eccl 1:1, 12, 16; 2:7, 9
Song 1:5, 14; 2:1, 7, 17; 3:5, 7, 9, 10, 11; 4:1, 8, 11, 15; 5:8, 15, 16; 6:4, 5; 7:4, 5; 8:4, 11
Isa 1:1, 3, 4, 8, 9, 10, 24, 27; 2:1, 3, 13, 16; 3:1, 8, 9, 16, 17; 4:2, 3, 4, 5; 5:3, 7, 19, 24; 7:1, 2, 4, 5, 6, 8, 9, 17, 18, 20; 8:4, 6, 7, 8, 14, 17, 18; 9:1, 4, 8, 9, 12, 14, 21; 10:9, 10, 11, 12, 17, 20, 21, 22, 24, 26, 28, 29, 30, 31, 32, 34; 11:11, 12, 13, 14, 16; 12:6; 13:1, 12, 19; 14:1, 2, 4, 8, 22, 29, 31, 32; 15:1, 2, 4, 5, 6, 8, 9; 16:1, 2, 4, 6, 7, 8, 9, 11, 12, 13, 14; 17:1, 2, 3, 4, 5, 6, 7; 18:1, 7; 19:1, 3, 11, 12, 13, 14, 15, 16, 17, 18, 19, 20, 21, 22, 23, 24, 25; 20:1, 3, 4, 5, 6; 21:2, 9, 10, 11, 13, 14, 16, 17; 22:6, 8, 10, 21; 23:1, 2, 3, 4, 5, 6, 8, 10, 12, 14, 15, 17; 24:15, 23; 25:10; 26:1; 27:6, 9, 12, 13; 28:1, 3, 14, 16, 21; 29:1, 2, 7, 8, 17, 19, 22, 23; 30:2, 3, 4, 11, 12, 15, 19, 29, 33; 31:1, 4, 5, 9; 33:5, 9, 14, 20; 34:5, 6, 8; 35:2, 10; 36:1, 2, 4, 6, 7, 8, 9, 13, 15, 16, 18, 19, 20; 37:4, 6, 8, 9, 10, 11, 12, 13, 16, 18, 21, 22, 23, 24, 31, 32, 33, 37, 38; 38:6, 9; 39:1, 3, 6, 7; 40:2, 9, 16, 27; 41:8, 14, 16, 17, 20, 21, 27; 42:11, 24; 43:1, 3, 14, 15, 22, 28; 44:1, 2, 5, 6, 21, 23, 26, 28; 45:3, 4, 11, 14, 15, 17, 25; 46:1, 3, 13; 47:1, 4; 48:1, 2, 12, 14, 17, 20; 49:3, 5, 6, 7, 12, 14, 26; 51:3, 11, 16, 17; 52:1, 2, 4, 7, 8, 9, 12; 54:5; 55:5; 56:8; 58:1; 59:20; 60:6, 7, 9, 13, 14, 16; 61:3; 62:1, 4, 6, 7, 11; 63:1, 7; 64:10; 65:9, 10, 18, 19; 66:8, 10, 13, 19, 20
Jer 1:1, 2, 3, 15, 18; 2:2, 3, 4, 6, 10, 14, 16, 18, 26, 28, 31, 36; 3:6, 7, 8, 10, 11, 12, 14, 17, 18, 20, 21, 23; 4:1, 3, 4, 5, 6, 10, 11, 14, 15, 16, 31; 5:1, 11, 15, 20; 6:1, 2, 6, 8, 9, 20, 23; 7:2, 12, 14, 15, 17, 22, 25, 29, 30, 31, 32, 34; 8:1, 5, 16, 19, 22; 9:11, 19, 26; 10:1, 9, 22, 25; 11:2, 3, 4, 6, 7, 9, 10, 12, 13, 17, 21, 23; 12:5, 14; 13:4, 5, 6, 7, 9, 11, 13, 19, 27; 14:2, 8, 16, 19; 15:4, 5; 16:14; 17:1, 13, 19, 20, 21, 25, 26, 27; 18:6, 11, 13, 14; 19:2, 3, 4, 6, 7, 11, 12, 13, 14; 20:2, 4, 5, 6; 21:2, 4, 7, 10, 11; 22:1, 2, 6, 11, 18, 19, 20, 23, 24, 25, 30; 23:6, 7, 13, 14, 15; 24:1, 5, 8; 25:1, 2, 3, 9, 11, 12, 18, 19, 20, 21, 22, 23, 24, 25, 26; 26:1, 2, 6, 9, 10, 18, 19, 20, 21, 22, 23; 27:1, 3, 6, 8, 9, 11, 12, 13, 14, 16, 17, 18, 20, 21, 22; 28:1, 2, 3, 4, 6, 11, 14; 29:1, 2, 3, 4, 10, 15, 20, 21, 22, 23, 25, 27, 28; 30:3, 4, 7, 10, 17, 18; 31:1, 2, 4, 5, 6, 7, 9, 10, 11, 12, 15, 18, 20, 21, 23, 24, 27, 31, 32, 33, 36, 37, 38, 39, 40; 32:1, 2, 3, 4, 5, 7, 8, 9, 20, 28, 30, 32, 35, 36, 44; 33:4, 7, 10, 13, 14, 16, 17; 34:1, 2, 3, 4, 6, 7, 8, 13, 19, 21, 22; 35:1, 11, 13, 17; 36:1, 2, 3, 6, 9, 28, 29, 30, 31, 32; 37:1, 5, 7, 11, 12, 13, 17, 19; 38:3, 7, 17, 18, 22, 23, 28; 39:1, 3, 4, 5, 6, 7, 8, 9, 10, 11, 13; 40:1, 4, 5, 6, 7, 8, 9, 10, 11, 12, 13, 15; 41:1, 2, 3, 5, 6, 9, 10, 12, 14, 16, 17, 18; 42:11, 14, 15, 16, 17, 18, 19; 43:2, 3, 4, 5, 7, 8, 9, 10, 11, 12, 13; 44:1, 2, 6, 7, 8, 9, 11, 12, 13, 14, 15, 17, 21, 24, 26, 27, 28, 30; 45:1; 46:2, 6, 8, 10, 11, 13, 14, 17, 18, 19, 20, 24, 25, 26, 27, 28; 47:1, 4, 5, 7; 48:1, 2, 3, 4, 5, 7, 9, 11, 13, 15, 16, 18, 19, 20, 21, 22, 23, 24, 25, 26, 27, 28, 29, 31, 32, 33, 34, 35, 36, 38, 39, 40, 41, 42, 43, 44, 45, 46, 47; 49:1, 2, 3, 6, 7, 8, 10, 13, 17, 18, 19, 20, 21, 22, 23, 24, 27, 28, 30, 33, 34, 35, 36, 37, 38, 39; 50:1, 2, 4, 5, 8, 9, 10, 13, 14, 16, 17, 18, 19, 20, 21, 23, 24, 28, 29, 33, 34, 35, 40, 42, 43, 44, 45, 46; 51:1, 2, 5, 6, 7, 8, 9, 10, 11, 12, 19, 24, 27, 29, 30, 31, 33, 34, 35, 37, 41, 42, 44, 47, 48, 49, 50, 53, 54, 55, 56, 58, 59, 60, 61, 63, 64; 52:1, 3, 4, 8, 9, 10, 11, 12, 13, 14, 15, 17, 26, 27, 29, 31, 32, 34
Lam 1:3, 4, 6, 7, 8, 15, 17; 2:1, 2, 3, 4, 5, 6, 8, 10, 13, 15, 18; 4:2, 6, 11, 12, 21, 22; 5:11, 18
Ezek 1:1, 3; 3:1, 4, 5, 7, 15, 17, 23; 4:1, 3, 4, 5, 6, 7, 16; 5:4, 5; 6:2, 3, 11, 14; 7:2; 8:1, 3, 4, 6, 10, 11, 12, 14, 17; 9:3, 4, 8, 9; 10:15, 19, 20, 22; 11:5, 10, 11, 13, 15, 17, 24; 12:6, 9, 10, 13, 19, 22, 23, 24, 27; 13:2, 4, 5, 9, 16; 14:1, 4, 5, 6, 7, 9, 11, 21, 22; 15:6; 16:2, 3, 29, 46, 48, 49, 51, 53, 55, 56, 57; 17:2, 3, 12, 15, 16, 20, 23; 18:2, 3, 6, 15, 25, 29, 30, 31; 19:1, 4, 9; 20:1, 3, 5, 6, 7, 8, 9, 10, 13, 27, 29, 30, 31, 36, 38, 39, 40, 42, 44; 21:2, 3, 12, 19, 20, 21, 22, 25; 22:6, 18, 19; 23:3, 4, 7, 8, 15, 16, 19, 27, 33; 24:2, 21; 25:3, 5, 6, 8, 9, 11, 12, 13, 14; 26:2, 3, 4, 7, 15; 27:2, 3, 5, 6, 7, 8, 9, 10, 11, 12, 13, 14, 15, 16, 17, 18, 19, 20, 21, 22, 23, 25, 32; 28:2, 12, 13, 21, 22, 24, 25; 29:2, 3, 6, 9, 10, 12, 14, 16, 18, 19, 20, 21; 30:4, 5, 6, 8, 9, 10, 11, 13, 14, 15, 16, 17, 18, 19, 21, 22, 24, 25; 31:2, 3, 9, 15, 16, 18; 32:2, 11, 12, 15, 16, 18, 22, 24, 26, 29; 33:7, 10, 11, 20, 21, 24, 28; 34:2, 13, 14, 30; 35:2, 3, 7, 12, 15; 36:1, 4, 5, 6, 8, 10, 12, 17, 21, 22, 32, 35, 37, 38; 37:11, 12, 16, 19, 22, 28; 38:2, 3, 5, 6, 8, 13, 14, 16, 17, 18, 19; 39:1, 2, 4, 6, 7, 9, 11, 12, 15, 16, 17, 18, 22, 23, 25, 29; 40:2, 4; 43:2, 3, 7, 10; 44:2, 6, 10, 12, 22, 28, 29; 45:6, 8, 9, 15, 16, 17; 47:10, 15, 16, 17, 18, 19, 20; 48:1, 22, 28
Dan 1:1, 2; 2:12, 14, 18, 24, 25, 48, 49; 3:1, 12, 30; 4:6, 29, 30; 5:2, 3, 7, 13; 6:10, 13; 7:1, 2; 8:2, 16, 20, 21; 9:2, 7, 11, 12, 15, 16, 20, 25; 10:1, 4, 5, 13, 20; 11:2, 8, 30, 41, 42, 43
Hos 1:1, 5, 6, 7, 11; 2:15, 22; 3:5; 4:15, 16, 17; 5:1, 3, 5, 8, 9, 10, 11, 12, 13, 14; 6:4, 10, 11; 7:1, 8, 10, 11, 16; 8:2, 3, 5, 6, 8, 9, 11, 13, 14; 9:1, 3, 6, 7, 8, 9, 10, 11, 13, 15, 16; 10:1, 5, 6, 7, 8, 9, 11, 14, 15; 11:1, 3, 5, 8, 9, 11, 12; 12:1, 2, 4, 8, 9, 11, 12, 13, 14; 13:1, 4, 9, 12, 16; 14:1, 3, 5, 6, 7, 8
Joel 2:1, 3, 15, 27, 32; 3:1, 2, 4, 6, 16, 17, 18, 19, 20, 21
Amos 1:1, 2, 3, 5, 6, 7, 8, 9, 10, 11, 12, 13, 14; 2:1, 2, 4, 5, 6, 10; 3:1, 9, 12, 14; 4:1, 4, 10, 11, 12; 5:1, 2, 3, 4, 5, 6, 8, 25, 27; 6:1, 2, 14; 7:8, 9, 10, 11, 12, 13, 15, 16, 17; 8:2, 8, 14; 9:3, 5, 7, 12, 14
Obad 1:1, 8, 9, 11, 17, 19, 20, 21
Jonah 1:2, 3; 3:2, 3, 4, 5, 6, 7; 4:2, 11
Mic 1:1, 5, 6, 9, 10, 11, 12, 13, 14, 15; 2:7, 12; 3:1, 8, 9, 10, 12; 4:2, 7, 8, 10, 11, 13; 5:1, 2, 6, 7, 8; 6:2, 4, 5; 7:12, 14, 15
Nah 1:1, 4, 15; 2:2, 7, 8; 3:7, 8, 9, 18
Hab 2:17; 3:3, 7
Zeph 1:1, 4, 11, 12; 2:4, 5, 7, 8, 9, 13; 3:10, 13, 14, 15, 16
Hag 1:1, 14; 2:2, 5, 21
Zech 1:12, 14, 16, 17, 19, 21; 2:2, 4, 7, 10, 12; 3:2; 5:11; 6:10; 7:7; 8:2, 3, 4, 8, 13, 15, 19, 22; 9:1, 2, 3, 5, 6, 7, 9, 10, 13; 10:3, 7, 10, 11; 11:1, 2, 3, 14; 12:1, 2, 3, 4, 5, 6, 7, 8, 9, 10, 11; 13:1; 14:2, 4, 5, 8, 10, 11, 12, 14, 16, 17, 18, 19, 21
Mal 1:1, 4, 5; 2:11, 16; 3:4; 4:4
Matt 1:11, 12, 17; 2:1, 3, 5, 6, 8, 13, 14, 15, 16, 18, 19, 20, 21, 22, 23; 3:1, 5, 6, 13; 4:12, 13, 15, 18, 23, 24, 25; 5:35; 8:5, 10; 9:33; 10:6, 15, 23; 11:21, 22, 23, 24; 12:41; 14:34; 15:1, 21, 22, 24, 29, 39; 16:13, 21; 17:22, 24; 19:1, 28; 20:17, 18, 29; 21:1, 5, 10, 11, 17; 23:37; 24:3, 16; 26:6, 30, 32, 36, 69, 71; 27:32, 33, 42, 55, 57; 28:7, 10, 16
Mark 1:5, 9, 14, 16, 21, 24, 28, 39; 2:1; 3:7, 8, 22; 5:20; 6:11, 21, 45, 53; 7:1, 24, 31; 8:10, 22, 27; 9:30, 33; 10:1, 32, 33, 46, 47; 11:1, 11, 12, 15, 27; 12:29; 13:3, 14, 31; 14:3, 26, 28, 32, 67; 15:16, 22, 32, 41, 43; 16:6, 7
Luke 1:5, 26, 39, 65, 80; 2:2, 4, 15, 22, 25, 32, 34, 38, 39, 41, 42, 43, 45, 51; 3:1, 3; 4:1, 9, 14, 16, 23, 25, 26, 27, 31, 34, 44; 5:1, 17; 6:17; 7:1, 9, 11, 17; 8:26; 9:10, 31, 51, 53; 10:12, 13, 14, 15, 30; 11:32; 13:4, 22, 33, 34; 17:11, 29; 18:31, 35, 37; 19:1, 11, 28, 29, 37; 21:20, 21, 24, 33, 37; 22:30, 39; 23:5, 6, 7, 28, 33, 49, 51, 55; 24:6, 13, 18, 19, 21, 33, 47, 49, 50, 52
John 1:19, 28, 31, 43, 44, 45, 46, 49; 2:1, 11, 12, 13, 23; 3:10, 22, 23, 26; 4:3, 4, 5, 7, 9, 20, 21, 43, 45, 46, 47, 54; 5:1, 2; 6:1, 17, 23, 24, 59; 7:1, 3, 9, 25, 41, 42, 52; 8:1; 9:7, 11; 10:22, 40; 11:1, 7, 18, 54, 55; 12:1, 12, 13, 15, 21; 18:1, 5, 7; 19:13, 17, 19, 38; 21:1, 2
Acts 1:4, 6, 8, 11, 12, 19; 2:5, 9, 10, 14, 22, 36; 3:2, 6, 10, 12; 4:6, 8, 10, 16, 27, 36; 5:16, 28, 31, 35, 37; 6:5, 7, 9, 14; 7:2, 4, 9, 10, 11, 12, 15, 16, 17, 29, 30, 34, 36, 38, 39, 40, 42, 43; 8:1, 5, 9, 14, 25, 26, 27, 40; 9:2, 3, 8, 10, 11, 13, 19, 21, 22, 26, 27, 28, 30, 31, 32, 35, 36, 38, 42, 43; 10:1, 5, 8, 23, 24, 32, 37, 38, 39; 11:1, 2, 5, 11, 13, 19, 20, 22, 25, 26, 27, 29; 12:19, 20, 25; 13:1, 4, 5, 6, 13, 14, 16, 17, 19, 23, 24, 27, 31, 51; 14:1, 6, 8, 11, 19, 20, 21, 24, 25, 26; 15:1, 2, 3, 4, 22, 23, 30, 35, 38, 39, 41; 16:1, 2, 4, 6, 7, 8, 9, 10, 11, 12, 14; 17:1, 10, 11, 13, 15, 16, 19, 22; 18:1, 2, 5, 12, 18, 19, 21, 22, 23, 24, 27; 19:1, 10, 17, 21, 22, 26, 27, 29, 31, 35; 20:1, 2, 3, 4, 5, 6, 13, 14, 15, 16, 17, 18, 22; 21:1, 2, 3, 4, 7, 8, 10, 11, 12, 13, 15, 16, 17, 27, 28, 31, 39; 22:3, 5, 6, 8, 10, 11, 17, 18; 23:11, 23, 31, 33, 34; 24:11, 18; 25:1, 3, 4, 6, 7, 9, 13, 15, 20, 24; 26:4, 9, 10, 12, 20; 27:1, 2, 3, 4, 5, 6, 7, 8, 12, 13, 16, 21, 27; 28:1, 11, 12, 13, 14, 15, 16, 17, 20, 21
Rom 1:7, 15; 9:6, 29, 33; 11:26; 15:19, 24, 25, 26, 28, 31; 16:1, 5
1Cor 1:2; 10:18; 15:32; 16:1, 3, 5, 8, 15, 19
2Cor 1:1, 8, 16, 23; 2:12, 13; 7:5; 8:1; 9:2, 4; 11:9, 10, 32
Gal 1:2, 17, 18, 21, 22; 2:1, 11; 4:24, 25, 26; 6:16
Eph 1:1; 2:12
Phil 1:1; 3:5; 4:15, 16
Col 1:2; 2:1; 4:13, 15, 16
1Thess 1:7, 8; 2:2, 14; 3:1; 4:10
1Tim 1:3
2Tim 1:15, 17, 18; 3:11; 4:10, 12, 13, 20
Titus 1:5; 3:12
Heb 3:16; 7:1, 2; 8:8, 9, 10; 11:26, 27, 29, 30; 12:22; 13:24
1Pet 1:1; 2:6; 5:13
2Pet 2:6
Jude 1:5, 7
Rev 1:4, 11; 2:1, 8, 12, 18, 24; 3:1, 4, 7, 12; 9:11, 14; 11:8; 14:1, 8; 16:12, 16, 19; 17:5; 18:2, 10, 21; 20:8; 21:2, 10
