# Every verse containing Proper People (#218fd9) - 8,484 verses
# Format: Book chapter:verse, verse; chapter:verse ...  (verse 0 = psalm title)

Gen 2:19, 20, 21, 23; 3:8, 9, 17, 20, 21; 4:1, 2, 3, 4, 5, 6, 8, 9, 13, 15, 16, 17, 18, 19, 20, 21, 22, 23, 24, 25, 26; 5:1, 2, 3, 4, 5, 6, 7, 8, 9, 10, 11, 12, 13, 14, 15, 16, 17, 18, 19, 20, 21, 22, 23, 24, 25, 26, 27, 28, 29, 30, 31, 32; 6:8, 9, 10, 13, 22; 7:1, 5, 6, 7, 9, 11, 13, 15, 23; 8:1, 6, 11, 13, 15, 18, 20; 9:1, 8, 17, 18, 19, 20, 22, 23, 24, 25, 26, 27, 28, 29; 10:1, 2, 3, 4, 6, 7, 8, 9, 11, 13, 14, 15, 20, 21, 22, 23, 24, 25, 26, 27, 28, 29, 31, 32; 11:10, 11, 12, 13, 14, 15, 16, 17, 18, 19, 20, 21, 22, 23, 24, 25, 26, 27, 28, 29, 30, 31, 32; 12:1, 4, 5, 6, 7, 9, 10, 11, 14, 15, 16, 17, 18, 20; 13:1, 2, 4, 5, 7, 8, 10, 11, 12, 14, 18; 14:1, 2, 4, 5, 9, 12, 13, 14, 16, 17, 18, 19, 21, 22, 23, 24; 15:1, 2, 3, 11, 12, 13, 18; 16:1, 2, 3, 4, 5, 6, 8, 11, 15, 16; 17:1, 3, 5, 9, 15, 17, 18, 19, 20, 21, 22, 23, 24, 25, 26; 18:6, 7, 9, 10, 11, 12, 13, 14, 15, 16, 17, 18, 19, 22, 23, 27, 33; 19:1, 5, 6, 9, 10, 12, 14, 15, 18, 23, 27, 29, 30, 36, 37, 38; 20:1, 2, 3, 4, 8, 9, 10, 11, 14, 15, 16, 17, 18; 21:1, 2, 3, 4, 5, 6, 7, 8, 9, 10, 11, 12, 14, 17, 22, 24, 25, 26, 27, 28, 29, 32, 33, 34; 22:1, 2, 3, 4, 5, 6, 7, 8, 9, 10, 11, 13, 14, 15, 19, 20, 21, 22, 23, 24; 23:1, 2, 3, 5, 7, 8, 10, 12, 13, 14, 16, 17, 18, 19, 20; 24:1, 2, 4, 6, 9, 12, 14, 15, 24, 27, 29, 30, 34, 36, 42, 45, 47, 48, 50, 51, 52, 53, 58, 59, 60, 61, 62, 63, 64, 66, 67; 25:1, 2, 3, 4, 5, 6, 7, 8, 9, 10, 11, 12, 13, 14, 15, 16, 17, 19, 20, 21, 25, 26, 27, 28, 29, 30, 31, 32, 33, 34; 26:1, 3, 5, 6, 7, 8, 9, 10, 11, 12, 15, 16, 17, 18, 19, 20, 24, 25, 26, 27, 31, 32, 34, 35; 27:1, 5, 6, 11, 15, 17, 19, 20, 21, 22, 23, 24, 26, 30, 32, 33, 34, 36, 37, 38, 39, 41, 42, 43, 46; 28:1, 2, 4, 5, 6, 7, 8, 9, 10, 13, 16, 18, 20; 29:1, 4, 5, 6, 9, 10, 11, 12, 13, 14, 15, 16, 17, 18, 19, 20, 21, 22, 23, 24, 25, 26, 28, 29, 30, 31, 32, 33, 34, 35; 30:1, 2, 3, 4, 5, 6, 7, 8, 9, 10, 11, 12, 13, 14, 15, 16, 17, 18, 19, 20, 21, 22, 24, 25, 27, 31, 34, 36, 37, 40, 41, 42; 31:1, 2, 3, 4, 11, 12, 14, 17, 18, 19, 20, 22, 24, 25, 26, 29, 31, 32, 33, 34, 36, 42, 43, 45, 46, 47, 48, 51, 53, 54, 55; 32:1, 2, 3, 4, 6, 7, 8, 9, 11, 13, 17, 18, 19, 20, 24, 25, 27, 28, 29, 30, 32; 33:1, 2, 4, 7, 9, 10, 15, 16, 17, 18, 19; 34:1, 2, 3, 4, 5, 6, 7, 8, 11, 13, 18, 19, 20, 24, 25, 26, 27, 30; 35:1, 2, 4, 5, 6, 8, 9, 10, 12, 14, 15, 16, 18, 19, 20, 21, 22, 23, 24, 25, 26, 27, 28, 29; 36:1, 2, 3, 4, 5, 6, 8, 9, 10, 11, 12, 13, 14, 15, 16, 17, 18, 19, 20, 21, 22, 23, 24, 25, 26, 27, 28, 29, 30, 31, 32, 33, 34, 35, 36, 37, 38, 39, 40, 41, 42, 43; 37:1, 2, 3, 5, 13, 17, 21, 22, 23, 26, 28, 29, 31, 33, 34, 36; 38:1, 2, 3, 4, 5, 6, 7, 8, 9, 11, 12, 13, 14, 15, 20, 22, 23, 24, 26, 29, 30; 39:1, 2, 4, 5, 6, 7, 10, 11, 20, 21, 22; 40:2, 3, 4, 6, 7, 8, 9, 11, 12, 13, 14, 16, 17, 18, 19, 20, 21, 22, 23; 41:1, 4, 7, 8, 9, 10, 14, 15, 16, 17, 25, 28, 32, 33, 34, 35, 37, 38, 39, 41, 42, 44, 45, 46, 49, 50, 51, 52, 54, 55, 56, 57; 42:1, 3, 4, 5, 6, 7, 8, 9, 14, 15, 16, 18, 22, 23, 24, 25, 29, 36, 37; 43:3, 6, 8, 11, 14, 15, 16, 17, 18, 19, 23, 24, 25, 26, 29, 30, 34; 44:2, 4, 12, 14, 15, 16, 18; 45:1, 2, 3, 4, 8, 9, 12, 14, 16, 17, 21, 22, 25, 26, 27, 28; 46:1, 2, 4, 5, 6, 8, 9, 10, 11, 12, 13, 14, 15, 16, 17, 18, 19, 20, 21, 22, 23, 24, 25, 26, 27, 28, 29, 30, 31, 33; 47:1, 2, 3, 4, 5, 7, 8, 9, 10, 11, 12, 14, 15, 16, 17, 19, 20, 22, 23, 24, 25, 26, 27, 28, 29, 31; 48:1, 2, 3, 5, 7, 8, 9, 10, 11, 12, 13, 14, 15, 16, 17, 18, 20, 21; 49:1, 2, 3, 5, 7, 8, 9, 10, 13, 14, 16, 17, 19, 20, 21, 22, 24, 26, 27, 28, 29, 30, 31, 32, 33; 50:1, 2, 4, 6, 7, 8, 13, 14, 15, 16, 17, 19, 22, 23, 24, 25, 26
Exod 1:1, 2, 3, 4, 5, 6, 7, 8, 11, 15, 19, 22; 2:1, 5, 7, 8, 9, 10, 11, 14, 15, 17, 18, 21, 22, 24; 3:1, 3, 4, 6, 10, 11, 13, 14, 15, 16; 4:1, 3, 4, 5, 10, 14, 18, 19, 20, 21, 22, 25, 27, 28, 29, 30; 5:1, 2, 4, 5, 6, 10, 14, 15, 20, 21, 22, 23; 6:1, 2, 3, 8, 9, 10, 11, 12, 13, 14, 15, 16, 17, 18, 19, 20, 21, 22, 23, 24, 25, 26, 27, 28, 29, 30; 7:1, 2, 3, 4, 6, 7, 8, 9, 10, 11, 12, 13, 14, 15, 19, 20, 22, 23; 8:1, 5, 6, 8, 9, 12, 13, 15, 16, 17, 19, 20, 24, 25, 26, 28, 29, 30, 31, 32; 9:1, 7, 8, 10, 11, 12, 13, 20, 22, 23, 27, 29, 33, 34, 35; 10:1, 3, 6, 7, 8, 9, 11, 12, 13, 16, 18, 20, 21, 22, 24, 25, 27, 28, 29; 11:1, 3, 4, 5, 8, 9, 10; 12:1, 21, 28, 29, 30, 31, 35, 43, 50; 13:1, 3, 15, 17, 19; 14:1, 3, 4, 5, 8, 9, 10, 11, 13, 15, 17, 18, 21, 23, 26, 27, 28, 31; 15:1, 4, 19, 20, 21, 22, 24; 16:2, 4, 6, 8, 9, 10, 11, 15, 19, 20, 22, 24, 25, 28, 32, 33, 34; 17:2, 3, 4, 5, 6, 9, 10, 11, 12, 13, 14, 15; 18:1, 2, 3, 4, 5, 6, 7, 8, 9, 10, 12, 13, 14, 15, 17, 24, 25, 26, 27; 19:3, 7, 8, 9, 10, 14, 17, 19, 20, 21, 23, 24, 25; 20:19, 20, 21, 22; 24:1, 2, 3, 4, 6, 8, 9, 12, 13, 14, 15, 16, 18; 25:1; 27:21; 28:1, 2, 3, 4, 12, 29, 30, 35, 38, 40, 41, 43; 29:4, 5, 9, 10, 15, 19, 20, 21, 24, 26, 27, 28, 29, 32, 35, 44; 30:7, 8, 10, 11, 17, 19, 22, 30, 34; 31:1, 2, 6, 10, 12, 18; 32:1, 2, 3, 5, 7, 9, 11, 13, 15, 17, 19, 21, 22, 23, 25, 26, 28, 29, 30, 31, 33, 35; 33:1, 5, 7, 8, 9, 11, 12, 17; 34:1, 4, 8, 27, 29, 30, 31, 33, 34, 35; 35:1, 4, 19, 20, 29, 30, 34; 36:1, 2, 3, 5, 6; 37:1; 38:21, 22, 23; 39:1, 5, 7, 21, 26, 27, 29, 31, 32, 33, 41, 42, 43; 40:1, 12, 13, 16, 18, 19, 21, 23, 25, 27, 29, 31, 32, 33, 35
Lev 1:1, 5, 7, 8, 11; 2:2, 3, 10; 3:2, 5, 8, 13; 4:1; 5:14; 6:1, 8, 9, 14, 16, 18, 19, 20, 24, 25; 7:10, 22, 28, 31, 33, 34, 35, 38; 8:1, 2, 4, 5, 6, 9, 10, 12, 13, 14, 15, 16, 17, 18, 19, 20, 21, 22, 23, 24, 27, 28, 29, 30, 31, 36; 9:1, 2, 5, 6, 7, 8, 9, 10, 12, 18, 21, 22, 23; 10:1, 3, 4, 5, 6, 7, 8, 11, 12, 16, 19, 20; 11:1; 12:1; 13:1, 2; 14:1, 33; 15:1; 16:1, 2, 3, 6, 8, 9, 11, 21, 23, 34; 17:1, 2; 18:1; 19:1; 20:1; 21:1, 16, 17, 21, 24; 22:1, 2, 4, 17, 18, 26; 23:1, 9, 23, 26, 33, 44; 24:1, 3, 9, 11, 13, 23; 25:1; 26:42, 46; 27:1, 34
Num 1:1, 3, 5, 6, 7, 8, 9, 10, 11, 12, 13, 14, 15, 17, 19, 20, 44, 48, 54; 2:1, 3, 5, 7, 10, 12, 14, 18, 20, 22, 25, 27, 29, 33, 34; 3:1, 2, 3, 4, 5, 6, 9, 10, 11, 14, 16, 17, 18, 19, 20, 21, 24, 25, 27, 29, 30, 32, 33, 35, 36, 38, 39, 40, 42, 44, 48, 49, 51; 4:1, 2, 4, 5, 15, 16, 17, 19, 21, 22, 27, 28, 29, 33, 34, 37, 38, 41, 42, 45, 46, 49; 5:1, 4, 5, 11; 6:1, 22, 23; 7:1, 4, 6, 7, 8, 9, 11, 12, 17, 18, 23, 24, 29, 30, 35, 36, 41, 42, 47, 48, 53, 54, 59, 60, 65, 66, 71, 72, 77, 78, 83, 89; 8:1, 2, 3, 4, 5, 11, 13, 19, 20, 21, 22, 23; 9:1, 4, 5, 6, 8, 9, 23; 10:1, 8, 13, 14, 15, 16, 17, 18, 19, 20, 22, 23, 24, 25, 26, 27, 29, 35; 11:2, 10, 11, 16, 21, 23, 24, 26, 27, 28, 29, 30; 12:1, 2, 3, 4, 5, 7, 8, 10, 11, 13, 14, 15; 13:1, 3, 4, 5, 6, 7, 8, 9, 10, 11, 12, 13, 14, 15, 16, 17, 22, 26, 30, 33; 14:2, 5, 6, 11, 13, 24, 26, 30, 36, 38, 39, 41, 44; 15:1, 17, 22, 23, 33, 35, 36, 37; 16:1, 2, 3, 4, 5, 6, 7, 8, 10, 11, 12, 15, 16, 17, 18, 19, 20, 23, 24, 25, 27, 28, 32, 36, 37, 39, 40, 41, 42, 43, 44, 46, 47, 49, 50; 17:1, 3, 6, 7, 8, 9, 10, 11, 12; 18:1, 8, 20, 25, 28; 19:1, 3, 4; 20:1, 2, 3, 6, 7, 8, 9, 10, 11, 12, 14, 23, 24, 25, 26, 27, 28, 29; 21:1, 5, 7, 8, 9, 16, 21, 23, 26, 29, 32, 33, 34; 22:2, 4, 5, 7, 8, 9, 10, 12, 13, 14, 15, 16, 18, 20, 21, 23, 25, 27, 28, 29, 30, 31, 34, 35, 36, 37, 38, 39, 40, 41; 23:1, 2, 3, 4, 5, 7, 11, 13, 15, 16, 17, 18, 25, 26, 27, 28, 29, 30; 24:1, 2, 3, 7, 10, 12, 13, 15, 17, 20, 22, 24, 25; 25:4, 5, 6, 7, 10, 11, 14, 15, 16, 18; 26:1, 3, 4, 5, 6, 8, 9, 10, 12, 13, 15, 16, 17, 19, 20, 21, 22, 23, 24, 25, 26, 28, 29, 30, 31, 32, 33, 34, 35, 36, 37, 38, 39, 40, 41, 42, 44, 45, 46, 47, 48, 49, 50, 52, 57, 58, 59, 60, 61, 63, 64, 65; 27:1, 2, 3, 5, 6, 7, 11, 12, 13, 15, 18, 19, 21, 22, 23; 28:1; 29:40; 30:1, 16; 31:1, 3, 6, 7, 8, 12, 13, 14, 15, 16, 21, 25, 26, 29, 31, 41, 42, 47, 48, 49, 51, 54; 32:2, 6, 11, 12, 20, 25, 28, 29, 33, 39, 40, 41, 42; 33:1, 2, 38, 39, 40, 50; 34:1, 13, 16, 17, 19, 20, 21, 22, 23, 24, 25, 26, 27, 28; 35:1, 9; 36:1, 2, 5, 6, 10, 11, 12, 13
Deut 1:1, 3, 4, 5, 8, 36, 38; 2:5, 9, 19, 24, 26, 30, 31, 32; 3:1, 2, 3, 4, 6, 10, 11, 13, 14, 15, 21, 28; 4:41, 44, 45, 46, 47; 5:1; 6:10, 21, 22; 7:8, 18; 9:5, 20, 27; 10:6; 11:3, 6; 23:4, 5; 24:9; 25:17, 19; 27:1, 9, 11; 29:1, 2, 7, 13; 30:20; 31:1, 3, 4, 7, 9, 10, 14, 16, 22, 23, 24, 25, 30; 32:8, 9, 44, 45, 48, 50; 33:1, 4; 34:1, 4, 5, 7, 8, 9, 10, 11, 12
Josh 1:1, 2, 3, 5, 7, 10, 12, 13, 14, 15, 16, 17; 2:1, 3, 10, 23, 24; 3:1, 5, 6, 7, 9, 10; 4:1, 4, 5, 8, 9, 10, 12, 14, 15, 17, 20; 5:2, 3, 4, 7, 9, 13, 14, 15; 6:2, 6, 8, 10, 12, 16, 17, 22, 23, 25, 26, 27; 7:1, 2, 3, 6, 7, 10, 16, 17, 18, 19, 20, 22, 23, 24, 25; 8:1, 3, 9, 10, 13, 15, 16, 18, 21, 23, 26, 27, 28, 29, 30, 31, 32, 33, 35; 9:2, 3, 6, 8, 10, 15, 22, 24, 27; 10:1, 3, 4, 6, 7, 8, 9, 12, 13, 15, 17, 18, 20, 21, 22, 24, 25, 26, 27, 28, 29, 31, 33, 34, 36, 38, 40, 41, 42, 43; 11:1, 6, 7, 9, 10, 12, 13, 15, 16, 18, 20, 21, 23; 12:2, 4, 5, 6, 7; 13:1, 8, 10, 12, 15, 21, 22, 24, 27, 29, 30, 31, 32, 33; 14:1, 2, 3, 5, 6, 7, 9, 10, 11, 13, 14, 15; 15:6, 8, 13, 14, 16, 17, 18; 17:1, 2, 3, 4, 14, 15, 17; 18:3, 5, 7, 8, 9, 10, 17; 19:47, 49, 51; 20:1, 2; 21:1, 2, 8, 11, 12; 22:1, 2, 4, 5, 6, 7, 9, 13, 20, 30, 31, 32; 23:1, 2, 6; 24:1, 2, 3, 4, 5, 9, 10, 19, 21, 22, 24, 25, 26, 27, 28, 29, 31, 32, 33
Judg 1:1, 5, 6, 7, 10, 12, 13, 14, 15, 16, 20; 2:6, 7, 8, 21, 23; 3:4, 8, 9, 10, 11, 12, 13, 14, 15, 16, 17, 20, 21, 23, 26, 31; 4:1, 2, 4, 5, 6, 7, 8, 9, 10, 11, 12, 13, 14, 15, 16, 17, 18, 21, 22, 23, 24; 5:1, 6, 7, 12, 14, 15, 17, 20, 24, 26, 28, 30; 6:11, 13, 15, 19, 22, 24, 27, 29, 30, 31, 32, 34, 36, 39; 7:1, 2, 4, 5, 7, 10, 11, 13, 14, 15, 18, 19, 20, 24, 25; 8:2, 4, 5, 6, 7, 10, 11, 12, 13, 15, 18, 20, 21, 22, 23, 24, 27, 28, 29, 30, 31, 32, 33, 35; 9:1, 2, 3, 4, 5, 6, 7, 16, 18, 19, 20, 21, 22, 23, 24, 25, 26, 27, 28, 29, 30, 31, 34, 35, 36, 37, 38, 39, 40, 41, 42, 44, 45, 47, 48, 49, 50, 52, 53, 55, 56, 57; 10:1, 3, 5; 11:1, 2, 3, 5, 6, 7, 8, 9, 10, 11, 12, 13, 14, 15, 19, 20, 21, 25, 28, 29, 30, 32, 34, 40; 12:1, 2, 4, 7, 8, 10, 11, 12, 13, 15; 13:2, 8, 9, 11, 12, 13, 15, 16, 17, 19, 20, 21, 22, 24, 25; 14:1, 3, 5, 7, 10, 12, 15, 16, 20; 15:1, 3, 4, 6, 7, 10, 11, 12, 16; 16:1, 2, 3, 4, 6, 7, 9, 10, 12, 13, 14, 18, 20, 23, 25, 26, 27, 28, 29, 30, 31; 17:1, 4, 5, 8, 9, 10, 12, 13; 18:2, 3, 4, 13, 15, 18, 22, 23, 26, 27, 29, 30, 31; 20:25, 28
Ruth 1:2, 3, 4, 5, 8, 11, 14, 16, 19, 20, 21, 22; 2:1, 2, 3, 4, 5, 6, 8, 11, 14, 15, 19, 20, 21, 22, 23; 3:1, 2, 7, 9; 4:1, 3, 5, 8, 9, 10, 11, 12, 13, 14, 16, 17, 18, 19, 20, 21, 22
1Sam 1:1, 2, 3, 4, 5, 8, 9, 12, 13, 14, 15, 17, 19, 20, 21, 22, 23, 25; 2:1, 11, 12, 18, 20, 21, 22, 26, 27, 28, 34; 3:1, 2, 3, 4, 5, 6, 7, 8, 9, 10, 11, 12, 14, 15, 16, 18, 19, 20, 21; 4:1, 4, 11, 13, 14, 15, 16, 17, 19, 21; 6:6; 7:1, 3, 5, 6, 8, 9, 10, 12, 13, 15; 8:1, 2, 4, 6, 7, 10, 19, 21, 22; 9:1, 2, 3, 5, 7, 8, 10, 14, 15, 17, 18, 19, 21, 22, 23, 24, 25, 26, 27; 10:1, 2, 9, 11, 12, 14, 15, 16, 17, 20, 21, 24, 25, 26; 11:1, 2, 4, 5, 6, 7, 11, 12, 13, 14, 15; 12:1, 6, 8, 9, 11, 12, 18, 19, 20; 13:1, 2, 3, 4, 7, 8, 9, 10, 11, 13, 15, 16, 22; 14:1, 2, 3, 4, 6, 8, 12, 13, 14, 16, 17, 18, 19, 20, 21, 24, 27, 29, 33, 34, 35, 36, 37, 38, 39, 40, 41, 42, 43, 44, 45, 46, 47, 49, 50, 51, 52; 15:1, 2, 3, 4, 5, 6, 7, 8, 9, 10, 11, 12, 13, 14, 15, 16, 17, 20, 22, 24, 26, 27, 28, 31, 32, 33, 34, 35; 16:1, 2, 3, 4, 5, 6, 7, 8, 9, 10, 11, 13, 14, 15, 17, 18, 19, 20, 21, 22, 23; 17:2, 4, 8, 11, 12, 13, 14, 15, 17, 19, 20, 22, 23, 26, 28, 29, 31, 32, 33, 34, 37, 38, 39, 41, 42, 43, 44, 45, 48, 49, 50, 51, 54, 55, 57, 58; 18:1, 2, 3, 4, 5, 6, 7, 8, 9, 10, 11, 12, 13, 14, 15, 16, 17, 18, 19, 20, 21, 22, 23, 24, 25, 26, 27, 28, 29, 30; 19:1, 2, 4, 5, 6, 7, 8, 9, 10, 11, 12, 13, 14, 15, 17, 18, 19, 20, 21, 22, 24; 20:1, 3, 4, 5, 6, 9, 10, 11, 12, 13, 15, 16, 17, 18, 24, 25, 26, 27, 28, 30, 31, 32, 33, 34, 35, 37, 38, 39, 40, 41, 42; 21:1, 2, 4, 5, 7, 8, 9, 10, 11, 12, 14; 22:1, 3, 4, 5, 6, 7, 8, 9, 10, 11, 12, 13, 14, 16, 17, 18, 20, 21, 22; 23:1, 2, 3, 4, 5, 6, 7, 8, 9, 10, 11, 12, 13, 14, 15, 16, 17, 18, 19, 21, 24, 25, 26, 27, 28, 29; 24:1, 2, 3, 4, 5, 7, 8, 9, 16, 17, 22; 25:1, 3, 4, 5, 8, 9, 10, 12, 13, 14, 18, 19, 20, 21, 22, 23, 25, 26, 32, 34, 35, 36, 37, 38, 39, 40, 42, 43, 44; 26:1, 2, 3, 4, 5, 6, 7, 8, 9, 10, 12, 13, 14, 15, 17, 21, 22, 25; 27:1, 2, 3, 4, 5, 6, 7, 8, 9, 10, 11, 12; 28:1, 2, 3, 4, 5, 6, 7, 8, 9, 10, 11, 12, 13, 14, 15, 16, 17, 20, 21, 25; 29:2, 3, 5, 6, 8, 9, 11; 30:1, 3, 4, 5, 6, 7, 8, 9, 10, 11, 13, 15, 17, 18, 19, 20, 21, 22, 23, 26, 31; 31:2, 3, 4, 5, 6, 7, 8, 11, 12
2Sam 1:1, 2, 3, 4, 5, 6, 11, 12, 13, 14, 15, 16, 17, 18, 21, 22, 23, 24, 25, 26; 2:1, 2, 3, 4, 5, 7, 8, 10, 11, 12, 13, 14, 15, 17, 18, 19, 20, 21, 22, 23, 24, 25, 26, 27, 28, 29, 30, 31, 32; 3:1, 2, 3, 4, 5, 6, 7, 8, 9, 10, 11, 12, 13, 14, 15, 16, 17, 18, 19, 20, 21, 22, 23, 24, 25, 26, 27, 28, 29, 30, 31, 32, 33, 35, 37, 39; 4:1, 2, 4, 5, 6, 8, 9, 10, 12; 5:1, 2, 3, 4, 6, 7, 8, 9, 10, 11, 12, 13, 14, 15, 16, 17, 19, 20, 21, 23, 25; 6:1, 2, 3, 4, 5, 6, 7, 8, 9, 10, 11, 12, 14, 15, 16, 17, 18, 20, 21, 23; 7:2, 3, 4, 5, 8, 15, 17, 18, 20, 26; 8:1, 2, 3, 4, 5, 6, 7, 8, 9, 10, 11, 12, 13, 14, 15, 16, 17, 18; 9:1, 2, 3, 4, 5, 6, 7, 9, 10, 11, 12, 13; 10:1, 2, 3, 4, 5, 6, 7, 8, 9, 10, 13, 14, 16, 17, 18, 19; 11:1, 2, 3, 4, 5, 6, 7, 8, 9, 10, 11, 12, 13, 14, 15, 16, 17, 18, 21, 22, 23, 24, 25, 26, 27; 12:1, 5, 7, 9, 10, 13, 15, 16, 18, 19, 20, 24, 25, 26, 27, 29, 30, 31; 13:1, 2, 3, 4, 5, 6, 7, 8, 9, 10, 15, 19, 20, 21, 22, 23, 24, 25, 26, 27, 28, 29, 30, 32, 33, 34, 35, 37, 38, 39; 14:1, 2, 3, 19, 20, 21, 22, 23, 24, 25, 27, 28, 29, 30, 31, 32, 33; 15:1, 2, 3, 4, 6, 7, 10, 11, 12, 13, 14, 19, 21, 22, 24, 25, 27, 29, 30, 31, 32, 33, 34, 35, 36, 37; 16:1, 2, 3, 4, 5, 6, 7, 8, 9, 10, 11, 13, 15, 16, 17, 18, 20, 21, 22, 23; 17:1, 4, 5, 6, 7, 8, 9, 14, 15, 16, 17, 18, 20, 21, 22, 23, 24, 25, 26, 27, 29; 18:1, 2, 5, 7, 9, 10, 11, 12, 14, 15, 16, 17, 18, 19, 20, 21, 22, 23, 24, 27, 28, 29, 31, 32, 33; 19:1, 4, 5, 6, 9, 10, 11, 13, 16, 17, 18, 20, 21, 22, 23, 24, 25, 29, 30, 31, 32, 33, 34, 37, 38, 39, 40, 41, 43; 20:1, 2, 3, 4, 5, 6, 7, 8, 9, 10, 11, 12, 13, 14, 15, 16, 17, 18, 20, 21, 22, 23, 24, 25, 26; 21:1, 2, 3, 4, 6, 7, 8, 10, 11, 12, 13, 14, 15, 16, 17, 18, 19, 21, 22; 22:1, 51; 23:1, 8, 9, 11, 13, 14, 15, 16, 18, 20, 22, 23, 24, 25, 26, 27, 28, 29, 30, 31, 32, 33, 34, 35, 36, 37, 38, 39; 24:1, 2, 3, 4, 9, 10, 11, 12, 13, 14, 16, 17, 18, 19, 20, 21, 22, 23, 24, 25
1Kgs 1:1, 3, 5, 6, 7, 8, 9, 10, 11, 12, 13, 15, 16, 17, 18, 19, 21, 22, 23, 24, 25, 26, 28, 30, 31, 32, 33, 34, 36, 37, 38, 39, 41, 42, 43, 44, 45, 46, 47, 49, 50, 51, 52, 53; 2:1, 3, 5, 7, 8, 10, 11, 12, 13, 17, 18, 19, 21, 22, 23, 24, 25, 26, 27, 28, 29, 30, 31, 32, 33, 34, 35, 36, 38, 39, 40, 41, 42, 44, 45, 46; 3:1, 3, 4, 5, 6, 7, 10, 14, 15; 4:1, 2, 3, 4, 5, 6, 7, 8, 9, 10, 11, 12, 13, 14, 15, 16, 17, 18, 19, 21, 22, 25, 26, 27, 29, 30, 31, 34; 5:1, 2, 3, 5, 7, 8, 10, 11, 12, 13, 14, 15, 16, 18; 6:1, 2, 11, 12, 14, 21; 7:1, 8, 13, 14, 40, 45, 47, 48, 51; 8:1, 2, 5, 9, 12, 15, 16, 17, 18, 20, 22, 24, 25, 26, 53, 54, 56, 63, 65, 66; 9:1, 2, 4, 5, 10, 11, 12, 14, 15, 16, 17, 19, 21, 22, 23, 24, 25, 26, 27, 28; 10:1, 2, 3, 4, 10, 11, 13, 14, 16, 21, 22, 23, 24, 26, 28; 11:1, 2, 4, 5, 6, 7, 9, 11, 12, 13, 14, 15, 16, 17, 18, 19, 20, 21, 22, 23, 24, 25, 26, 27, 28, 29, 30, 31, 32, 33, 34, 36, 38, 39, 40, 41, 42, 43; 12:1, 2, 3, 6, 12, 15, 16, 17, 18, 19, 20, 21, 22, 23, 25, 26, 27, 30, 31, 32; 13:1, 2, 4, 33, 34; 14:1, 2, 4, 5, 6, 7, 8, 10, 11, 13, 14, 16, 17, 18, 19, 20, 21, 25, 26, 27, 29, 30, 31; 15:1, 2, 3, 4, 5, 6, 7, 8, 9, 10, 11, 13, 14, 16, 17, 18, 19, 20, 21, 22, 23, 24, 25, 27, 28, 29, 30, 31, 32, 33, 34; 16:1, 2, 3, 4, 5, 6, 7, 8, 9, 10, 11, 12, 13, 14, 15, 16, 17, 18, 19, 20, 21, 22, 23, 24, 25, 26, 27, 28, 29, 30, 31, 33, 34; 17:1, 13, 15, 16, 18, 22, 23, 24; 18:1, 2, 3, 4, 5, 6, 7, 8, 9, 11, 12, 13, 14, 15, 16, 17, 19, 20, 21, 22, 25, 27, 30, 31, 36, 40, 41, 42, 44, 45, 46; 19:1, 2, 9, 13, 15, 16, 17, 19, 20, 21; 20:1, 2, 5, 9, 10, 12, 13, 14, 16, 17, 20, 26, 30, 32, 33, 34; 21:1, 2, 3, 4, 5, 6, 7, 8, 9, 11, 12, 13, 14, 15, 16, 17, 18, 19, 20, 21, 22, 23, 24, 25, 27, 28, 29; 22:2, 4, 5, 7, 8, 9, 10, 11, 13, 14, 15, 18, 20, 24, 25, 26, 28, 29, 30, 32, 39, 40, 41, 42, 43, 44, 45, 46, 48, 49, 50, 51, 52
2Kgs 1:1, 2, 3, 4, 8, 10, 12, 13, 15, 17, 18; 2:1, 2, 3, 4, 5, 6, 8, 9, 11, 12, 13, 14, 15, 19, 22; 3:1, 3, 4, 5, 6, 7, 11, 12, 13, 14; 4:1, 2, 8, 12, 14, 17, 25, 27, 29, 31, 32, 36, 38; 5:1, 2, 6, 8, 9, 10, 11, 17, 20, 21, 23, 25, 27; 6:1, 12, 17, 18, 19, 20, 21, 24, 31, 32; 7:1; 8:1, 4, 5, 7, 8, 9, 10, 12, 13, 14, 15, 16, 18, 19, 21, 23, 24, 25, 26, 27, 28, 29; 9:1, 2, 5, 7, 8, 9, 10, 11, 13, 14, 15, 16, 17, 18, 19, 20, 21, 22, 23, 24, 25, 26, 27, 28, 29, 30, 31, 36, 37; 10:1, 5, 10, 11, 13, 15, 17, 18, 19, 20, 21, 23, 24, 25, 28, 29, 30, 31, 32, 34, 35, 36; 11:1, 2, 3, 4, 9, 10, 13, 14, 15, 17, 18, 20, 21; 12:1, 2, 4, 6, 7, 9, 17, 18, 19, 20, 21; 13:1, 2, 3, 4, 6, 7, 8, 9, 10, 11, 12, 13, 14, 15, 16, 17, 20, 21, 22, 23, 24, 25; 14:1, 2, 3, 6, 8, 9, 11, 13, 15, 16, 17, 18, 20, 21, 23, 24, 25, 27, 28, 29; 15:1, 2, 3, 5, 6, 7, 8, 9, 10, 11, 12, 13, 14, 15, 16, 17, 18, 19, 20, 21, 22, 23, 24, 25, 26, 27, 28, 29, 30, 31, 32, 33, 34, 36, 37, 38; 16:1, 2, 5, 6, 7, 8, 9, 10, 11, 15, 16, 17, 19, 20; 17:1, 3, 4, 6, 7, 21, 22; 18:1, 2, 3, 4, 6, 9, 10, 12, 13, 14, 15, 16, 17, 18, 19, 21, 22, 26, 27, 28, 29, 30, 31, 32, 37; 19:1, 2, 3, 4, 5, 6, 8, 9, 10, 14, 15, 16, 20, 34, 36, 37; 20:1, 3, 4, 5, 6, 7, 8, 9, 10, 11, 12, 13, 14, 15, 16, 19, 20, 21; 21:1, 3, 7, 8, 9, 11, 13, 16, 17, 18, 19, 20, 23, 24, 25, 26; 22:1, 2, 3, 4, 8, 9, 10, 12, 14; 23:4, 8, 11, 12, 13, 15, 16, 19, 23, 24, 25, 26, 28, 29, 30, 31, 34, 35, 36; 24:1, 3, 5, 6, 8, 10, 11, 12, 13, 15, 17, 18, 19, 20; 25:1, 2, 7, 8, 11, 16, 18, 20, 22, 23, 24, 25, 27
1Chr 1:1, 2, 3, 4, 5, 6, 7, 8, 9, 10, 11, 12, 13, 17, 18, 19, 20, 21, 22, 23, 24, 25, 26, 27, 28, 29, 30, 31, 32, 33, 34, 35, 36, 37, 38, 39, 40, 41, 42, 43, 44, 45, 46, 47, 48, 49, 50, 51, 52, 53, 54; 2:1, 2, 3, 4, 5, 6, 7, 8, 9, 10, 11, 12, 13, 14, 15, 16, 17, 18, 19, 20, 21, 22, 23, 24, 25, 26, 27, 28, 29, 30, 31, 32, 33, 34, 35, 36, 37, 38, 39, 40, 41, 42, 43, 44, 45, 46, 47, 48, 49, 50, 51, 52, 54, 55; 3:1, 2, 3, 5, 6, 7, 8, 9, 10, 11, 12, 13, 14, 15, 16, 17, 18, 19, 20, 21, 22, 23, 24; 4:1, 2, 3, 4, 5, 6, 7, 8, 9, 10, 11, 12, 13, 14, 15, 16, 17, 18, 19, 20, 21, 22, 24, 25, 26, 27, 31, 34, 35, 36, 37, 40, 41, 42; 5:1, 2, 3, 4, 5, 6, 7, 8, 10, 12, 13, 14, 15, 17, 18, 19, 24, 26; 6:1, 2, 3, 4, 5, 6, 7, 8, 9, 10, 11, 12, 13, 14, 15, 16, 17, 18, 19, 20, 21, 22, 23, 24, 25, 26, 27, 28, 29, 30, 31, 32, 33, 34, 35, 36, 37, 38, 39, 40, 41, 42, 43, 44, 45, 46, 47, 49, 50, 51, 52, 53, 54, 56, 57; 7:1, 2, 3, 5, 6, 7, 8, 10, 11, 12, 13, 14, 15, 16, 17, 18, 19, 20, 21, 22, 23, 24, 25, 26, 27, 30, 31, 32, 33, 34, 35, 36, 37, 38, 39; 8:1, 2, 3, 4, 5, 6, 7, 8, 9, 10, 11, 12, 13, 14, 15, 16, 17, 18, 19, 20, 21, 22, 23, 24, 25, 26, 27, 29, 30, 31, 32, 33, 34, 35, 36, 37, 38, 39, 40; 9:4, 5, 6, 7, 8, 10, 11, 12, 14, 15, 16, 17, 19, 20, 21, 22, 31, 35, 36, 37, 38, 39, 40, 41, 42, 43, 44; 10:2, 3, 4, 5, 6, 7, 8, 11, 12, 13, 14; 11:1, 2, 3, 4, 5, 6, 7, 8, 9, 10, 11, 12, 13, 15, 16, 17, 18, 20, 22, 24, 25, 26, 27, 28, 29, 30, 31, 32, 33, 34, 35, 36, 37, 38, 39, 40, 41, 42, 43, 44, 45, 46, 47; 12:1, 2, 3, 4, 5, 6, 7, 8, 9, 10, 11, 12, 13, 14, 16, 17, 18, 19, 20, 21, 22, 23, 27, 28, 29, 31, 38, 39; 13:1, 2, 3, 5, 6, 7, 8, 9, 10, 11, 12, 13, 14; 14:1, 2, 3, 4, 5, 6, 7, 8, 10, 11, 12, 14, 16, 17; 15:1, 2, 3, 4, 5, 6, 7, 8, 9, 10, 11, 15, 16, 17, 18, 19, 20, 21, 22, 23, 24, 25, 27, 29; 16:1, 2, 5, 6, 7, 13, 16, 17, 37, 38, 39, 41, 42, 43; 17:1, 2, 3, 4, 7, 15, 16, 18, 24; 18:1, 2, 3, 4, 5, 6, 7, 8, 9, 10, 11, 12, 13, 14, 15, 16, 17; 19:1, 2, 3, 4, 5, 6, 8, 10, 11, 14, 15, 16, 17, 18, 19; 20:1, 2, 3, 4, 5, 7, 8; 21:1, 2, 3, 4, 5, 6, 8, 9, 10, 11, 13, 15, 16, 17, 18, 19, 20, 21, 22, 23, 24, 25, 26, 28, 29, 30; 22:1, 2, 3, 4, 5, 6, 7, 9, 13, 17; 23:1, 5, 6, 7, 8, 9, 10, 11, 12, 13, 14, 15, 16, 17, 18, 19, 20, 21, 22, 23, 24, 25, 27, 28, 32; 24:1, 2, 3, 4, 5, 6, 7, 8, 9, 10, 11, 12, 13, 14, 15, 16, 17, 18, 19, 20, 21, 22, 23, 24, 25, 26, 27, 28, 29, 30, 31; 25:1, 2, 3, 4, 5, 6, 9, 10, 11, 12, 13, 14, 15, 16, 17, 18, 19, 20, 21, 22, 23, 24, 25, 26, 27, 28, 29, 30, 31; 26:1, 2, 3, 4, 5, 6, 7, 8, 9, 10, 11, 14, 15, 16, 19, 20, 21, 22, 24, 25, 26, 28, 29, 30, 31, 32; 27:2, 3, 4, 5, 6, 7, 8, 9, 10, 11, 12, 13, 14, 15, 16, 17, 18, 19, 20, 21, 22, 23, 24, 25, 26, 27, 28, 29, 30, 31, 32, 33, 34; 28:1, 2, 5, 6, 9, 11, 19, 20; 29:1, 8, 9, 10, 18, 19, 20, 22, 23, 24, 25, 26, 28, 29
2Chr 1:1, 2, 3, 4, 5, 6, 7, 8, 9, 11, 13, 14, 16; 2:1, 2, 3, 7, 11, 12, 13, 14, 17; 3:1, 3; 4:11, 16, 18, 19; 5:1, 2, 6, 10, 12; 6:1, 4, 6, 7, 8, 10, 13, 15, 16, 17, 42; 7:1, 5, 6, 7, 8, 10, 11, 12, 17, 18; 8:1, 2, 3, 6, 8, 9, 10, 11, 12, 13, 14, 16, 17, 18; 9:1, 2, 3, 9, 10, 12, 13, 14, 15, 20, 21, 22, 23, 25, 28, 29, 30, 31; 10:1, 2, 3, 6, 12, 13, 15, 16, 17, 18, 19; 11:1, 2, 3, 4, 5, 14, 17, 18, 19, 20, 21, 22; 12:1, 2, 5, 7, 9, 10, 13, 15, 16; 13:1, 2, 3, 4, 5, 6, 7, 8, 9, 10, 13, 15, 17, 19, 20, 21, 22; 14:1, 2, 8, 9, 10, 11, 12, 13; 15:1, 2, 8, 10, 16, 17, 19; 16:1, 2, 3, 4, 5, 6, 7, 10, 11, 12, 13, 14; 17:1, 2, 3, 5, 7, 8, 10, 11, 12, 14, 15, 16, 17, 18; 18:1, 2, 3, 4, 6, 7, 8, 9, 10, 12, 13, 14, 17, 19, 23, 24, 25, 27, 28, 29, 31; 19:1, 2, 4, 8, 11; 20:1, 2, 3, 5, 7, 14, 15, 18, 20, 25, 27, 30, 31, 32, 34, 35, 37; 21:1, 2, 3, 4, 5, 6, 7, 9, 12, 13, 16, 17, 20; 22:1, 2, 3, 4, 5, 6, 7, 8, 9, 10, 11, 12; 23:1, 3, 8, 9, 11, 12, 13, 14, 16, 17, 18, 21; 24:1, 2, 3, 4, 6, 7, 9, 12, 14, 15, 16, 17, 20, 22, 24, 25, 26, 27; 25:1, 4, 5, 9, 10, 11, 13, 14, 15, 17, 18, 20, 21, 23, 24, 25, 26, 27; 26:1, 3, 4, 5, 8, 9, 11, 14, 17, 18, 19, 20, 21, 22, 23; 27:1, 2, 6, 7, 9; 28:1, 3, 6, 7, 9, 12, 16, 19, 20, 21, 22, 24, 27; 29:1, 2, 12, 13, 14, 18, 19, 20, 21, 25, 26, 27, 30, 31, 36; 30:1, 6, 16, 18, 20, 22, 24, 26; 31:2, 8, 9, 10, 11, 12, 13, 14, 15, 19, 20; 32:1, 2, 5, 8, 9, 10, 11, 12, 15, 16, 17, 20, 22, 23, 24, 25, 26, 27, 30, 32, 33; 33:1, 3, 6, 7, 8, 9, 10, 11, 13, 14, 18, 20, 21, 22, 23, 25; 34:1, 2, 3, 8, 9, 12, 14, 15, 16, 18, 20, 22, 33; 35:1, 3, 4, 6, 7, 8, 9, 12, 14, 15, 16, 18, 19, 20, 22, 23, 24, 25, 26; 36:1, 2, 4, 5, 6, 7, 8, 9, 10, 11, 12, 13, 21, 22, 23
Ezra 1:1, 2, 7, 8, 11; 2:1, 2, 3, 4, 5, 6, 7, 8, 9, 10, 11, 12, 13, 14, 15, 16, 17, 18, 19, 20, 36, 37, 38, 39, 40, 41, 42, 43, 44, 45, 46, 47, 48, 49, 50, 51, 52, 53, 54, 55, 56, 57, 58, 59, 60, 61, 63; 3:1, 2, 7, 8, 9, 10; 4:1, 2, 3, 5, 6, 7, 8, 9, 10, 11, 17, 23, 24; 5:1, 2, 3, 5, 6, 7, 12, 13, 14, 16, 17; 6:1, 3, 5, 6, 12, 13, 14, 15, 18, 21, 22; 7:1, 2, 3, 4, 5, 6, 7, 10, 11, 12, 15, 21, 25; 8:1, 2, 3, 4, 5, 6, 7, 8, 9, 10, 11, 12, 13, 14, 15, 16, 17, 18, 19, 20, 24, 33, 35; 9:4, 15; 10:1, 2, 5, 6, 10, 15, 16, 18, 20, 21, 22, 23, 24, 25, 26, 27, 28, 29, 30, 31, 32, 33, 34, 35, 36, 37, 38, 39, 40, 41, 42, 43
Neh 1:1, 2, 7, 8; 2:1, 8, 10, 19; 3:1, 2, 3, 4, 6, 7, 8, 9, 10, 11, 12, 13, 14, 15, 16, 17, 18, 19, 20, 21, 23, 24, 25, 29, 30, 31; 4:1, 3, 7; 5:14; 6:1, 2, 5, 6, 10, 12, 14, 17, 18, 19; 7:2, 6, 7, 8, 9, 10, 11, 12, 13, 14, 15, 16, 17, 18, 19, 20, 21, 22, 23, 24, 25, 39, 40, 41, 42, 43, 44, 45, 46, 47, 48, 49, 50, 51, 52, 53, 54, 55, 56, 57, 58, 59, 60, 62, 63, 65, 70, 73; 8:1, 2, 4, 5, 6, 7, 9, 13, 14, 17; 9:2, 4, 5, 7, 10, 14, 22; 10:1, 2, 3, 4, 5, 6, 7, 8, 9, 10, 11, 12, 13, 14, 15, 16, 17, 18, 19, 20, 21, 22, 23, 24, 25, 26, 27, 29, 38, 39; 11:3, 4, 5, 6, 7, 8, 9, 10, 11, 12, 13, 14, 15, 16, 17, 19, 21, 22, 24; 12:1, 2, 3, 4, 5, 6, 7, 8, 9, 10, 11, 12, 13, 14, 15, 16, 17, 18, 19, 20, 21, 22, 23, 24, 25, 26, 32, 33, 34, 35, 36, 41, 42, 45, 46, 47; 13:1, 2, 4, 6, 7, 8, 13, 26, 28
Esth 1:1, 2, 9, 10, 11, 12, 14, 15, 16, 17, 19, 21; 2:1, 3, 4, 5, 6, 7, 8, 10, 11, 12, 14, 15, 16, 17, 18, 19, 20, 21, 22; 3:1, 2, 3, 4, 5, 6, 7, 8, 10, 11, 12, 15; 4:1, 4, 5, 6, 7, 8, 9, 10, 12, 13, 15, 17; 5:1, 2, 3, 4, 5, 6, 7, 8, 9, 10, 11, 12, 13, 14; 6:2, 3, 4, 5, 6, 7, 10, 11, 12, 13, 14; 7:1, 2, 3, 5, 6, 7, 8, 9, 10; 8:1, 2, 3, 4, 5, 7, 9, 10, 12, 15; 9:2, 3, 4, 7, 8, 9, 10, 12, 13, 14, 20, 23, 24, 25, 29, 30, 31, 32; 10:1, 2, 3
Job 1:1, 5, 8, 9, 14, 20, 22; 2:3, 7, 10, 11; 3:1, 2; 4:1; 6:1; 8:1; 9:1; 11:1; 12:1; 15:1; 16:1; 18:1; 19:1; 20:1; 21:1; 22:1; 23:1; 25:1; 26:1; 27:1; 29:1; 31:33, 40; 32:1, 2, 3, 4, 5, 6, 12; 33:1, 31; 34:1, 5, 7, 35, 36; 35:1, 16; 36:1; 37:14; 38:1; 40:1, 3, 6; 42:1, 7, 8, 9, 10, 12, 14, 15, 16, 17
Ps 3:0; 4:0; 5:0; 6:0; 7:0; 8:0; 9:0; 12:0; 13:0; 14:0; 15:0; 16:0; 17:0; 18:0, 50; 19:0; 20:0, 1; 21:0; 22:0, 23; 23:0; 24:0; 25:0; 26:0; 27:0; 28:0; 29:0; 30:0; 31:0; 32:0; 34:0; 35:0; 36:0; 37:0; 38:0; 39:0; 40:0; 41:0, 13; 42:0; 44:0; 45:0; 46:0, 7, 11; 47:0, 4, 9; 48:0; 49:0; 50:0; 51:0; 52:0; 53:0; 54:0; 55:0; 56:0; 57:0; 58:0; 59:0, 5; 60:0; 61:0; 62:0; 63:0; 64:0; 65:0; 68:0, 8, 26, 27, 35; 69:0, 6; 70:0; 71:22; 72:0, 18, 20; 73:0; 74:0; 75:0, 9; 76:0, 6; 77:0, 15, 20; 78:0, 55, 70; 79:0; 80:0; 81:0, 1, 4, 5; 82:0; 83:0, 8, 9, 11; 84:0, 8; 85:0; 86:0; 87:0; 88:0; 89:0, 3, 20, 35, 49; 90:0; 94:7; 99:6; 101:0; 103:0, 7; 105:6, 9, 10, 17, 23, 26, 27, 42; 106:16, 17, 22, 23, 30, 32, 48; 108:0; 109:0; 110:0, 4; 115:10, 12; 118:3; 122:0, 5; 124:0; 127:0; 131:0; 132:1, 2, 5, 10, 11, 17; 133:0, 2; 135:9, 11, 19, 20; 136:15, 19, 20; 138:0; 139:0; 140:0; 141:0; 142:0; 143:0; 144:0, 10, 15; 146:5; 148:14
Prov 1:1; 10:1; 25:1; 30:1; 31:1, 4
Eccl 1:1, 2, 12
Song 1:1, 5, 9; 3:7, 9, 11; 4:4; 6:12; 8:11, 12
Isa 1:1; 2:1, 3, 5, 6; 6:1; 7:1, 2, 3, 4, 5, 6, 8, 9, 10, 12, 13; 8:1, 2, 3, 6; 9:7, 11; 10:29; 11:1, 10; 13:1; 14:28; 16:5; 19:11; 20:1, 2, 3; 22:9, 15, 20, 22; 29:1, 22; 30:2, 3; 36:1, 2, 3, 4, 6, 7, 11, 12, 13, 14, 15, 16, 18, 22; 37:1, 2, 3, 4, 5, 6, 8, 9, 10, 14, 15, 17, 21, 35, 37, 38; 38:1, 2, 3, 4, 5, 8, 9, 21, 22; 39:1, 2, 3, 4, 5, 8; 41:8; 44:28; 45:1, 19; 51:2, 9; 54:9; 55:3; 58:14; 63:11, 12, 16
Jer 1:1, 2, 3, 11; 3:6; 7:1, 3, 21; 9:15; 10:16; 11:1; 13:12, 13; 14:1; 15:1, 4; 16:9, 14; 17:25; 18:1, 18; 19:3, 14, 15; 20:1, 2, 3, 6; 21:1, 2, 3, 4, 7, 12; 22:2, 4, 11, 18, 24, 25, 28, 30; 23:2, 5, 7, 8; 24:1, 3, 5, 8; 25:1, 2, 3, 9, 13, 15, 19, 27; 26:1, 7, 8, 9, 12, 18, 19, 20, 21, 22, 23, 24; 27:1, 3, 4, 6, 8, 12, 20, 21; 28:1, 2, 3, 4, 5, 6, 10, 11, 12, 13, 14, 15, 17; 29:1, 2, 3, 4, 8, 16, 21, 22, 24, 25, 26, 27, 29, 30, 31, 32; 30:1, 2, 9; 31:15, 23; 32:1, 2, 3, 4, 5, 6, 7, 8, 9, 12, 13, 14, 15, 16, 26, 28, 36; 33:1, 4, 15, 17, 19, 21, 22, 23, 26; 34:1, 2, 4, 6, 8, 12, 13, 21; 35:1, 3, 4, 6, 8, 10, 11, 12, 13, 14, 16, 17, 18, 19; 36:1, 2, 4, 5, 8, 9, 10, 11, 12, 13, 14, 15, 16, 17, 18, 19, 20, 21, 23, 25, 26, 27, 28, 29, 30, 32; 37:1, 2, 3, 4, 5, 6, 7, 11, 12, 13, 14, 15, 16, 17, 18, 20, 21; 38:1, 5, 6, 7, 8, 9, 10, 11, 12, 13, 14, 15, 16, 17, 19, 20, 24, 26, 27, 28; 39:1, 2, 3, 4, 5, 6, 7, 9, 10, 11, 13, 14, 15, 16; 40:1, 2, 5, 6, 7, 8, 9, 11, 12, 13, 14, 15, 16; 41:1, 2, 3, 4, 6, 7, 8, 9, 10, 11, 12, 13, 14, 15, 16, 17, 18; 42:1, 2, 4, 5, 7, 8, 9, 15, 18; 43:1, 2, 3, 4, 5, 6, 8, 9, 10; 44:1, 2, 7, 11, 15, 20, 24, 25, 30; 45:1, 2; 46:1, 2, 13, 17, 25, 26; 47:1; 48:1; 49:27, 28, 30, 34; 50:1, 17, 18; 51:33, 34, 59, 60, 61, 64; 52:1, 2, 3, 4, 5, 8, 10, 11, 12, 15, 16, 20, 24, 26, 28, 29, 30, 31
Ezek 1:2, 3; 8:11; 11:1, 13, 22; 14:14, 20; 17:17; 20:5; 23:4, 5, 11, 22, 23, 36, 44; 24:24; 26:7; 28:3, 25; 29:2, 3, 18, 19; 30:10, 21, 22, 24, 25; 31:2, 18; 32:2, 31, 32; 33:24; 34:23, 24; 37:16, 19, 24, 25; 39:25; 40:46; 43:19; 44:15; 47:13, 19, 21, 22; 48:1, 2, 3, 4, 5, 6, 7, 8, 11, 19, 22, 23, 24, 25, 26, 27, 28, 29, 31, 32, 33, 34
Dan 1:1, 2, 3, 6, 7, 8, 9, 10, 11, 16, 17, 18, 19, 21; 2:1, 13, 14, 15, 16, 17, 18, 19, 20, 24, 25, 26, 27, 28, 46, 47, 48, 49; 3:1, 2, 3, 5, 7, 9, 12, 13, 14, 16, 19, 20, 22, 23, 24, 26, 28, 29, 30; 4:1, 4, 8, 9, 18, 19, 28, 31, 33, 34, 37; 5:1, 2, 9, 11, 12, 13, 17, 18, 22, 29, 30, 31; 6:1, 2, 3, 4, 5, 6, 9, 10, 11, 13, 14, 16, 17, 20, 21, 23, 24, 25, 26, 27, 28; 7:1, 2, 15, 28; 8:1, 15, 27; 9:1, 2, 11, 13, 22; 10:1, 2, 7, 11, 12; 11:1; 12:4, 5, 9
Hos 1:1, 2, 3, 4, 6, 8, 9; 2:1; 3:5; 5:13; 9:13; 10:6; 12:2, 12
Joel 1:1; 3:2, 8, 12
Amos 1:1, 4; 3:13; 5:6, 15; 6:5, 6, 8; 7:2, 5, 8, 9, 10, 11, 12, 14, 16; 8:2, 7; 9:8, 9, 11
Obad 1:1, 6, 8, 9, 10, 17, 18, 19
Jonah 1:1, 3, 5, 7, 15, 17; 2:1, 10; 3:1, 3, 4; 4:1, 5, 6, 8, 9
Mic 1:1; 5:6; 6:4, 5, 16; 7:20
Nah 1:1
Hab 1:1; 3:1
Zeph 1:1
Hag 1:1, 3, 12, 13, 14, 15; 2:1, 2, 4, 10, 13, 14, 20, 21, 23
Zech 1:1, 7; 3:1, 3, 6, 8, 9; 4:6, 7, 9, 10; 6:10, 11, 14; 7:1, 2, 8; 10:6; 12:7, 8, 10, 12, 13; 13:1; 14:5, 10
Mal 1:1, 2, 3; 2:4, 8, 12; 3:3, 6; 4:4, 5
Matt 1:1, 2, 3, 4, 5, 6, 7, 8, 9, 10, 11, 12, 13, 14, 15, 16, 17, 18, 19, 20, 24; 2:1, 3, 7, 11, 12, 13, 15, 16, 17, 18, 19, 22; 3:1, 3, 4, 9, 13, 14; 4:12, 14, 18, 21; 6:29; 8:4, 11, 14, 17; 9:9, 14; 10:2, 3, 4; 11:2, 4, 7, 11, 12, 13, 14, 18; 12:3, 17, 23, 39, 40, 41, 42; 13:14, 55; 14:1, 2, 3, 4, 6, 8, 10, 28, 29; 15:7, 15, 31; 16:4, 14, 16, 17, 18, 22, 23; 17:1, 3, 4, 10, 11, 12, 13, 24, 25, 26; 18:21; 19:7, 8, 27; 20:20; 21:25, 26, 32; 22:17, 21, 24, 32, 43, 45; 23:2, 35; 24:15, 37, 38; 26:3, 6, 14, 25, 33, 35, 37, 40, 47, 57, 58, 69, 73, 75; 27:2, 3, 9, 13, 16, 17, 20, 21, 22, 24, 26, 32, 47, 49, 56, 57, 58, 59, 61, 62, 65; 28:1
Mark 1:4, 6, 9, 14, 16, 19, 20, 29, 30, 36, 44; 2:14, 18, 25, 26; 3:16, 17, 18, 19; 5:22, 37; 6:3, 14, 15, 16, 17, 18, 19, 20, 21, 22, 24, 25; 7:6, 10; 8:15, 28, 29, 32, 33; 9:2, 4, 5, 11, 12, 13, 38; 10:3, 4, 28, 35, 41, 46; 11:10, 21, 30, 32; 12:14, 16, 17, 19, 26, 36, 37; 13:3, 14; 14:3, 10, 29, 33, 37, 43, 54, 66, 67, 70, 72; 15:1, 2, 4, 5, 7, 9, 11, 12, 14, 15, 21, 35, 36, 40, 43, 44, 45, 47; 16:1, 7, 9
Luke 1:3, 5, 7, 12, 13, 17, 18, 21, 24, 27, 30, 32, 33, 34, 36, 38, 39, 40, 41, 46, 54, 55, 56, 57, 59, 60, 63, 67, 68, 69, 73; 2:1, 2, 4, 5, 11, 16, 19, 22, 25, 33, 34, 36, 43; 3:1, 2, 4, 8, 15, 16, 19, 20, 23, 24, 25, 26, 27, 28, 29, 30, 31, 32, 33, 34, 35, 36, 37, 38; 4:17, 22, 25, 26, 27, 38; 5:3, 4, 5, 8, 10, 14, 27, 29, 33; 6:3, 14, 15, 16; 7:18, 19, 20, 22, 24, 28, 29, 33, 40, 43, 44; 8:2, 3, 41, 45, 51; 9:7, 8, 9, 19, 20, 28, 30, 32, 33, 49, 54; 10:38, 39, 40, 41, 42; 11:1, 29, 30, 31, 32, 51; 12:27, 41; 13:1, 16, 28, 31; 16:16, 20, 22, 23, 24, 25, 29, 30, 31; 17:26, 27, 28, 29, 32; 18:28; 19:2, 5, 8, 9; 20:4, 6, 22, 24, 25, 28, 37, 41, 42, 44; 22:3, 8, 31, 34, 47, 48, 54, 55, 58, 60, 61, 62; 23:1, 2, 3, 4, 6, 7, 8, 11, 12, 13, 15, 18, 20, 24, 26, 50, 52; 24:10, 12, 18, 27, 34, 44
John 1:6, 15, 17, 19, 21, 23, 25, 26, 28, 29, 32, 35, 40, 41, 42, 43, 44, 45, 46, 47, 48, 49; 3:1, 4, 9, 14, 23, 24, 25, 26, 27; 4:1, 5, 6, 12; 5:33, 36, 45, 46; 6:5, 7, 8, 32, 42, 68, 71; 7:19, 22, 23, 42, 50; 8:5, 33, 37, 39, 40, 52, 53, 56, 57, 58; 9:28, 29; 10:23, 40, 41; 11:1, 2, 5, 11, 14, 16, 19, 20, 21, 24, 28, 30, 31, 32, 39, 43, 45, 49; 12:1, 2, 3, 4, 9, 10, 17, 21, 22, 38, 39, 41; 13:2, 6, 8, 9, 24, 26, 29, 36, 37; 14:5, 8, 9, 22; 18:2, 3, 5, 10, 11, 13, 14, 15, 16, 17, 18, 24, 25, 26, 27, 28, 29, 31, 33, 35, 37, 38, 40; 19:1, 4, 5, 6, 8, 10, 12, 13, 15, 19, 21, 22, 25, 31, 38, 39; 20:1, 2, 3, 4, 6, 11, 16, 18, 24, 26, 27, 28, 29; 21:2, 3, 7, 11, 15, 16, 17, 20, 21
Acts 1:1, 5, 13, 14, 15, 16, 22, 23, 25, 26; 2:14, 16, 25, 29, 34, 37, 38; 3:1, 3, 4, 6, 11, 12, 13, 22, 24, 25; 4:6, 8, 13, 19, 25, 27, 36; 5:1, 3, 5, 8, 9, 12, 15, 29, 34, 36, 37; 6:5, 8, 9, 11, 14; 7:2, 8, 9, 10, 12, 13, 14, 15, 16, 17, 18, 20, 21, 22, 29, 31, 32, 35, 37, 40, 44, 45, 46, 47, 58, 59; 8:1, 2, 3, 5, 6, 9, 12, 13, 14, 18, 20, 24, 26, 27, 28, 29, 30, 31, 34, 35, 37, 38, 39, 40; 9:1, 4, 8, 10, 11, 12, 13, 17, 19, 22, 24, 26, 27, 32, 33, 34, 36, 38, 39, 40, 43; 10:1, 3, 5, 6, 7, 9, 13, 14, 17, 18, 19, 21, 22, 23, 24, 25, 26, 30, 31, 32, 34, 37, 44, 45, 46; 11:2, 4, 7, 13, 16, 19, 22, 25, 28, 30; 12:1, 2, 3, 5, 6, 7, 11, 12, 13, 14, 16, 17, 18, 19, 20, 21, 25; 13:1, 2, 5, 6, 7, 8, 9, 13, 16, 20, 21, 22, 24, 25, 26, 28, 34, 36, 39, 43, 45, 46, 50; 14:9, 11, 12, 13, 14, 19, 20; 15:1, 2, 5, 7, 12, 13, 14, 16, 21, 22, 25, 27, 32, 34, 35, 36, 37, 38, 39, 40; 16:1, 3, 9, 14, 17, 18, 19, 25, 28, 29, 36, 37, 40; 17:2, 4, 5, 6, 7, 9, 10, 13, 14, 15, 16, 22, 33, 34; 18:1, 2, 5, 7, 8, 9, 12, 14, 17, 18, 24, 25, 26; 19:1, 3, 4, 6, 9, 11, 13, 14, 15, 21, 22, 24, 26, 27, 28, 29, 30, 33, 35, 38; 20:1, 4, 7, 9, 10, 13, 16, 37; 21:4, 8, 10, 11, 13, 16, 18, 21, 26, 29, 30, 32, 37, 39, 40; 22:3, 7, 12, 13, 20, 25, 28, 30; 23:1, 2, 3, 5, 6, 10, 11, 12, 14, 16, 17, 18, 20, 24, 26, 31, 33, 35; 24:1, 2, 3, 7, 10, 22, 23, 24, 25, 26, 27; 25:1, 2, 4, 6, 7, 8, 9, 10, 11, 12, 13, 14, 19, 21, 22, 23, 24, 25, 26; 26:1, 2, 7, 14, 19, 22, 24, 25, 27, 28, 29, 30, 32; 27:1, 2, 3, 9, 11, 21, 24, 31, 33, 43; 28:3, 7, 8, 15, 16, 17, 19, 23, 25, 30
Rom 1:1, 3; 4:1, 2, 3, 6, 9, 12, 13, 16, 19; 5:14; 9:7, 9, 10, 13, 15, 17, 25, 27, 29; 10:5, 16, 19, 20; 11:1, 2, 9, 26; 15:12; 16:1, 3, 5, 6, 7, 8, 9, 10, 11, 12, 13, 14, 15, 21, 22, 23
1Cor 1:1, 11, 12, 13, 14, 16; 3:4, 5, 6, 22; 4:6, 17; 9:5, 6, 9; 10:2; 15:5, 7, 22, 45; 16:10, 12, 15, 17, 19, 21
2Cor 1:1, 19; 2:13; 3:7, 13, 15; 7:6, 13, 14; 8:6, 16, 23; 10:1; 11:3, 22, 32; 12:18
Gal 1:1, 18, 19; 2:1, 3, 7, 8, 9, 11, 12, 13, 14; 3:6, 7, 8, 9, 14, 16, 18, 29; 4:22, 24, 25, 28; 5:2
Eph 1:1; 3:1; 6:21
Phil 1:1; 2:19, 25; 4:2, 3, 18, 22
Col 1:1, 7, 23; 4:7, 9, 10, 11, 12, 14, 15, 17, 18
1Thess 1:1; 2:18; 3:2, 6
2Thess 1:1; 3:17
1Tim 1:1, 2, 18, 20; 2:13, 14; 6:13, 20
2Tim 1:1, 2, 5, 15, 16; 2:8, 17; 3:8; 4:10, 11, 12, 13, 14, 19, 20, 21
Titus 1:1, 4; 3:12, 13
Phlm 1:1, 2, 9, 10, 19, 23, 24
Heb 2:16; 3:2, 3, 5, 16; 4:7, 8; 5:4, 6, 10; 6:13, 20; 7:1, 2, 4, 5, 6, 9, 10, 11, 14, 15, 17, 21; 8:5; 9:4, 19; 10:28; 11:4, 5, 7, 8, 9, 11, 17, 18, 20, 21, 22, 23, 24, 31, 32; 12:16, 21, 24; 13:23
Jas 1:1; 2:21, 23, 25; 5:11, 17
1Pet 1:1; 3:6, 20; 5:12, 13
2Pet 1:1; 2:5, 7, 15; 3:15
1John 3:12
3John 1:1, 9, 12
Jude 1:1, 9, 11, 14
Rev 1:1, 4, 9; 2:13, 14, 20; 3:7; 5:5; 15:3; 21:2; 22:8, 16
