# Every verse containing General Quantity (#66091d) - 8,829 verses
# Format: Book chapter:verse, verse; chapter:verse ...  (verse 0 = psalm title)

Gen 1:9, 20, 21, 22, 25, 26, 28, 29, 30, 31; 2:1, 2, 3, 5, 6, 9, 11, 13, 16, 19, 20, 21, 24, 25; 3:1, 7, 14, 16, 17, 20, 24; 4:5, 13, 14, 19, 21, 22, 24, 25; 5:5, 8, 11, 14, 17, 20, 23, 27, 31; 6:1, 2, 5, 7, 12, 13, 17, 19, 20, 21, 22; 7:1, 2, 3, 4, 5, 8, 9, 11, 14, 15, 16, 17, 18, 19, 21, 22, 23; 8:1, 5, 9, 17, 19, 20, 21; 9:1, 2, 3, 5, 7, 10, 11, 12, 15, 16, 17, 19, 23, 29; 10:5, 12, 21, 25, 29; 11:1, 4, 6, 8, 9; 12:3, 5, 14, 17, 20; 13:1, 2, 6, 9, 10, 11, 13, 15; 14:7, 11, 16, 20, 24; 15:1, 10, 14; 16:10, 12; 17:2, 4, 5, 6, 8, 10, 12, 20, 23, 27; 18:4, 18, 20, 25, 26, 28; 19:2, 4, 9, 11, 17, 19, 25, 28, 31, 36; 20:7, 8, 13, 16, 18; 21:6, 11, 12, 15, 22, 27, 31, 34; 22:2, 6, 8, 12, 16, 17, 18; 23:6, 9, 10, 17, 18; 24:1, 2, 10, 16, 17, 20, 25, 36, 41, 43, 44, 54, 55, 66; 25:4, 5, 18, 23; 26:3, 4, 10, 11, 12, 13, 15, 16, 21, 22, 24, 26; 27:3, 29, 33, 34, 37, 38, 44, 45; 28:3, 11, 14, 15, 17, 22; 29:3, 8, 13, 19, 20, 22, 30; 30:24, 30, 32, 33, 35, 40, 43; 31:1, 6, 8, 12, 16, 18, 21, 34, 37, 43, 54; 32:8, 10, 12, 16, 19; 33:8, 13, 15; 34:7, 12, 15, 16, 19, 22, 23, 24, 25, 29, 30; 35:2, 4, 6, 11, 16; 36:6, 7, 24; 37:3, 4, 5, 8, 9, 20, 23, 32, 34, 35; 38:26; 39:3, 4, 5, 6, 8, 9, 11, 22; 40:5, 17, 20; 41:5, 8, 10, 11, 12, 15, 19, 22, 24, 25, 26, 29, 30, 31, 34, 35, 37, 38, 39, 40, 41, 43, 44, 45, 46, 48, 49, 51, 54, 55, 56, 57; 42:6, 11, 13, 16, 17, 19, 25, 27, 29, 32, 33, 35, 36; 43:2, 7, 8, 11, 21, 34; 44:1, 9, 11, 13, 16, 25, 28; 45:1, 8, 9, 10, 11, 13, 15, 20, 22, 26, 27; 46:1, 6, 7, 15, 22, 25, 26, 27, 32, 34; 47:1, 2, 3, 9, 12, 13, 14, 15, 17, 19, 20, 21, 24, 26, 27, 28; 48:4, 7, 13, 15, 16, 19, 22; 49:16, 26, 28; 50:7, 8, 9, 14, 15, 20
Exod 1:1, 5, 6, 7, 9, 10, 12, 14, 15, 20, 22; 2:6, 11; 3:15, 20, 22; 4:19, 21, 28, 29, 30; 5:5, 8, 9, 11, 12, 14, 23; 6:25, 29; 7:2, 3, 12, 19, 20, 21, 24; 8:2, 3, 4, 9, 10, 11, 16, 17, 24, 28, 31; 9:3, 4, 6, 7, 9, 11, 14, 16, 18, 19, 22, 24, 25, 34; 10:5, 6, 12, 13, 14, 15, 17, 19, 22, 23; 11:1, 2, 3, 5, 6, 8, 9, 10; 12:3, 4, 6, 9, 12, 16, 20, 21, 22, 29, 30, 31, 33, 38, 41, 42, 44, 46, 48, 50; 13:2, 7, 12, 13, 15; 14:4, 7, 9, 17, 20, 21, 23, 28; 15:15, 20, 26; 16:1, 2, 3, 4, 5, 6, 9, 10, 16, 17, 18, 20, 21, 22, 26, 27, 29, 36; 17:1, 12; 18:1, 3, 7, 8, 9, 11, 12, 14, 18, 21, 22, 23, 24, 25, 26; 19:5, 7, 8, 11, 16, 18, 21; 20:1, 3, 9, 11, 18, 24; 21:10, 35; 22:9, 11, 20, 23, 26; 23:2, 13, 15, 17, 22, 27, 30; 24:3, 4, 7, 8; 25:2, 9, 19, 20, 22, 32, 33, 36, 39; 26:2, 3, 4, 5, 8, 13, 17, 19, 21, 24, 25, 26; 27:3, 19; 28:3, 10, 21, 31, 38; 29:12, 13, 18, 24, 26, 35, 36, 39, 40, 44; 30:7, 12, 13, 14, 15, 23, 27, 28, 34, 36; 31:3, 5, 6, 7, 8, 9, 11, 14; 32:3, 13, 15, 26, 27, 29; 33:7, 8, 10, 16, 19; 34:3, 6, 10, 19, 20, 23, 30, 31, 32; 35:1, 4, 10, 13, 16, 20, 21, 22, 23, 24, 25, 26, 29, 31, 34, 35; 36:1, 2, 3, 4, 5, 7, 8, 9, 10, 11, 12, 13, 22, 24, 26, 29, 30, 31, 33; 37:3, 8, 9, 18, 19, 22, 24, 26; 38:3, 14, 17, 20, 21, 22, 24, 26, 30, 31; 39:14, 22, 32, 33, 36, 37, 39, 40, 42, 43; 40:9, 10, 16, 36, 38
Lev 1:9, 13, 16; 2:2, 13, 16; 3:3, 9, 14, 16, 17; 4:7, 8, 11, 12, 13, 17, 18, 19, 26, 30, 31, 34, 35; 5:4, 5, 7, 11, 13, 16; 6:3, 5, 7, 9, 12, 15, 18, 20, 23, 28; 7:3, 6, 7, 9, 10, 14, 18, 19, 33; 8:3, 10, 11, 16, 21, 25, 26, 27, 29, 36; 9:3, 5, 23, 24; 10:3, 6, 11; 11:2, 9, 10, 15, 20, 21, 23, 26, 27, 31, 33, 34, 35, 37, 38, 41, 42, 46; 12:8; 13:2, 5, 7, 12, 13, 22, 27, 33, 35, 41, 54; 14:5, 8, 9, 14, 15, 21, 22, 25, 27, 30, 31, 36, 45, 46, 50, 54; 15:4, 12, 15, 16, 17, 18, 20, 24, 25, 26, 30; 16:2, 8, 16, 17, 21, 22, 29, 30, 33, 34; 17:2, 14, 15; 18:24, 27, 30; 19:2, 3, 7, 8, 10, 13, 20, 23, 24, 25, 37; 20:5, 9, 11, 12, 13, 14, 18, 22, 23; 21:1, 22, 24; 22:3, 14, 18, 28, 30; 23:3, 13, 14, 15, 21, 31, 37, 38, 42; 24:5, 7, 8, 14, 16, 22; 25:7, 9, 10, 12, 13, 16, 20, 24, 25, 26, 27, 29, 36, 37, 41, 48, 51, 52, 54; 26:4, 6, 8, 9, 14, 15, 17, 18, 20, 21, 22, 26, 27, 36, 37, 44; 27:7, 9, 10, 13, 15, 16, 19, 25, 27, 28, 30, 31, 33
Num 1:2, 3, 4, 18, 20, 22, 24, 26, 28, 30, 32, 34, 36, 38, 40, 42, 44, 45, 50, 52, 54; 2:17, 32, 34; 3:7, 8, 12, 13, 15, 22, 26, 28, 31, 34, 36, 39, 40, 41, 42, 43, 45, 46, 47, 49; 4:3, 9, 10, 12, 14, 15, 16, 19, 23, 26, 27, 30, 31, 32, 33, 35, 37, 39, 41, 43, 47, 49; 5:2, 7, 9, 10, 15, 20, 30; 6:9, 11; 7:1, 3, 5, 9, 11, 13, 19, 25, 31, 37, 43, 49, 55, 61, 67, 73, 79, 85, 86, 88; 8:7, 8, 9, 12, 16, 17, 18, 20; 9:3, 5, 12, 14, 19, 20; 10:2, 3, 4, 25, 36; 11:4, 6, 10, 11, 12, 13, 14, 20, 21, 22, 26, 28, 29, 32, 33; 12:2, 3, 5, 7; 13:2, 3, 18, 23, 26, 28, 32; 14:1, 2, 5, 7, 10, 11, 12, 15, 21, 22, 29, 34, 35, 36, 39; 15:4, 5, 6, 7, 12, 15, 16, 22, 23, 24, 25, 26, 29, 33, 35, 36, 39, 40; 16:3, 5, 6, 7, 10, 11, 15, 16, 17, 18, 19, 22, 26, 27, 28, 29, 30, 31, 32, 33, 34, 41; 17:2, 3, 6, 9, 12; 18:3, 4, 7, 8, 9, 10, 11, 12, 13, 15, 20, 21, 26, 28, 29, 30, 31; 19:14, 15, 18; 20:1, 11, 14, 20, 22, 27, 29; 21:1, 4, 6, 8, 23, 25, 26, 33, 34, 35; 22:2, 3, 4, 6, 15, 17, 18, 19, 35, 38, 41; 23:2, 4, 6, 10, 13, 14, 25, 26, 27, 30; 24:7, 17; 25:4, 5, 6, 8; 26:2, 54, 56, 62; 27:2, 16, 19, 20, 21, 22; 28:4, 5, 7, 10, 13, 14, 21, 29; 29:10, 14, 15, 40; 30:2, 4, 6, 8, 9, 11, 13, 14; 31:3, 4, 5, 6, 7, 9, 10, 11, 13, 15, 17, 18, 19, 20, 23, 26, 27, 28, 30, 35, 47, 49, 50, 51, 52, 53; 32:1, 11, 13, 14, 15, 18, 21, 26, 27, 29; 33:3, 4, 52, 54; 34:18; 35:3, 6, 7, 8, 15, 29, 30; 36:7, 8, 9
Deut 1:1, 3, 7, 10, 11, 16, 17, 18, 19, 22, 30, 31, 35, 41, 46; 2:1, 5, 7, 10, 14, 16, 21, 25, 32, 33, 34, 36; 3:1, 2, 3, 4, 5, 6, 7, 10, 11, 13, 14, 18, 20, 21, 26; 4:3, 4, 6, 7, 8, 9, 10, 19, 27, 29, 30, 32, 34, 35, 39, 42, 49; 5:1, 3, 7, 13, 22, 23, 26, 27, 28, 29, 31, 33; 6:2, 3, 4, 5, 11, 19, 22, 24, 25; 7:1, 6, 7, 13, 14, 15, 16, 17, 18, 19, 22; 8:1, 2, 3, 13, 19; 9:10, 18, 20, 21; 10:9, 12, 14, 15, 22; 11:3, 6, 7, 8, 13, 21, 22, 23, 25, 32; 12:1, 2, 5, 7, 8, 10, 11, 12, 13, 14, 15, 18, 21, 28, 31; 13:3, 7, 9, 11, 12, 15, 16, 17, 18; 14:2, 6, 9, 11, 14, 19, 20, 22, 24, 27, 28, 29; 15:1, 2, 5, 6, 7, 10, 18; 16:3, 4, 15, 16, 18; 17:6, 7, 8, 10, 13, 14, 16, 19; 18:1, 5, 6, 7, 12, 16, 18; 19:3, 5, 8, 9, 11, 17; 20:1, 5, 6, 7, 11, 13, 14, 15, 18; 21:5, 6, 14, 15, 17, 21, 23; 22:3, 5, 19, 22, 24, 25, 27, 29; 23:6, 9, 16, 18, 20; 24:1, 2, 8, 16, 19; 25:3, 5, 16, 18, 19; 26:2, 5, 11, 12, 13, 14, 16, 18, 19; 27:1, 3, 6, 8, 9, 14, 15, 16, 17, 18, 19, 20, 21, 22, 23, 24, 25, 26; 28:1, 2, 4, 7, 8, 10, 12, 13, 15, 18, 20, 25, 26, 29, 30, 31, 32, 33, 37, 38, 40, 42, 43, 45, 47, 48, 51, 52, 54, 55, 57, 58, 60, 61, 62, 63, 64, 66, 68; 29:2, 9, 10, 14, 19, 20, 21, 23, 24, 27, 28, 29; 30:1, 2, 3, 5, 6, 7, 8, 9, 10, 14, 16, 19; 31:1, 5, 7, 9, 10, 11, 12, 17, 18, 21, 27, 28, 30; 32:4, 7, 13, 20, 22, 25, 27, 30, 36, 44, 45, 46; 33:3, 6, 10, 12, 19, 21, 26; 34:1, 2, 11, 12
Josh 1:2, 4, 5, 7, 8, 14, 16, 17, 18; 2:3, 9, 11, 13, 18, 22, 23, 24; 3:1, 7, 11, 12, 13, 15, 16, 17; 4:1, 2, 4, 5, 10, 11, 14, 18, 24; 5:1, 4, 5, 6, 8; 6:1, 3, 5, 17, 19, 20, 21, 22, 23, 24, 25, 27; 7:3, 7, 9, 15, 23, 24, 25; 8:1, 2, 3, 4, 5, 11, 13, 14, 15, 16, 21, 22, 24, 25, 26, 31, 33, 34, 35; 9:1, 2, 5, 9, 10, 11, 13, 18, 19, 21, 23, 24; 10:2, 5, 6, 7, 9, 11, 13, 15, 20, 21, 24, 25, 28, 29, 30, 31, 32, 33, 34, 35, 36, 37, 38, 39, 40, 41, 42, 43; 11:4, 5, 6, 7, 8, 10, 11, 12, 13, 14, 15, 16, 17, 18, 19, 21, 22, 23; 12:1, 5, 24; 13:1, 2, 4, 5, 6, 9, 10, 11, 14, 16, 17, 21, 25, 30, 31; 14:3, 11; 15:32, 45; 16:9; 17:14, 15, 16, 17; 18:1, 4, 5, 6, 9; 19:8, 9, 47; 20:4, 9; 21:19, 26, 33, 39, 40, 41, 42, 43, 44, 45; 22:2, 3, 5, 7, 8, 12, 14, 16, 17, 18, 20; 23:1, 2, 3, 4, 6, 10, 14, 15; 24:1, 2, 3, 17, 18, 27, 28, 31
Judg 1:25; 2:4, 6, 7, 10, 18, 19; 3:1, 3, 17, 19, 29; 4:7, 13, 15, 16, 19; 5:30, 31; 6:4, 5, 9, 13, 15, 16, 31, 33, 35, 37, 39, 40; 7:1, 2, 4, 5, 6, 7, 8, 12, 14, 16, 18, 21, 22, 23, 24; 8:10, 12, 18, 22, 24, 25, 27, 30, 34, 35; 9:1, 2, 3, 5, 6, 14, 18, 25, 29, 34, 37, 40, 44, 45, 46, 47, 48, 49, 51, 53, 55, 57; 10:8, 10, 18; 11:8, 11, 20, 21, 22, 26, 33, 34, 35; 12:4, 7; 13:6, 13, 14, 23; 14:3; 15:3, 5, 15, 16; 16:2, 3, 5, 7, 11, 17, 18, 24, 27, 28, 29, 30, 31; 17:5, 6, 11; 18:1, 9, 19, 24, 26, 31; 19:2, 6, 8, 9, 13, 19, 20, 25, 28, 29, 30; 20:1, 2, 6, 7, 8, 10, 11, 12, 16, 17, 25, 26, 31, 33, 34, 35, 37, 44, 46, 48; 21:3, 5, 6, 8, 9, 11, 13, 21, 22, 24, 25
Ruth 1:4, 5, 8, 9, 11, 12, 13, 17, 19, 20; 2:3, 7, 8, 11, 13, 16, 20, 21; 3:5, 6, 10, 11, 16; 4:4, 7, 9, 11
1Sam 1:2, 4, 11, 16, 21, 24; 2:2, 3, 5, 14, 16, 17, 22, 23, 25, 26, 28, 29, 32, 33, 34, 36; 3:11, 12, 17, 18, 19, 20; 4:1, 5, 8, 10, 13; 5:4, 8, 9, 11; 6:4, 17, 18, 19; 7:2, 3, 4, 5, 13, 15, 16; 8:4, 5, 7, 8, 10, 11, 20, 21, 22; 9:3, 6, 8, 19, 20, 21, 26; 10:3, 6, 9, 11, 18, 19, 20, 24, 25; 11:1, 2, 3, 4, 7, 10, 15; 12:1, 7, 11, 14, 18, 19, 20, 24, 25; 13:2, 3, 4, 5, 7, 17, 18, 19, 20; 14:4, 5, 6, 7, 11, 15, 16, 19, 20, 22, 24, 25, 28, 29, 30, 31, 34, 38, 39, 40, 43, 44, 45, 47, 52; 15:3, 6, 8, 9, 11; 16:11, 18; 17:3, 7, 11, 19, 24, 28, 36, 46, 47; 18:5, 6, 8, 14, 15, 16, 21, 22, 29, 30; 19:1, 2, 4, 5, 7, 18, 24; 20:6, 7, 11, 13, 15, 39, 41, 42; 21:4, 9, 11; 22:1, 2, 4, 6, 7, 8, 11, 14, 15, 16, 19, 20, 22; 23:3, 8, 14, 20, 22, 23; 24:2, 10, 17; 25:1, 2, 6, 7, 9, 10, 12, 13, 14, 15, 16, 17, 21, 22, 28, 30, 36, 43; 26:12, 15, 20, 21, 22, 23, 24, 25; 27:1, 3, 5, 11; 28:3, 4, 20; 29:1; 30:6, 8, 16, 18, 19, 20, 22, 31; 31:6, 12
2Sam 1:4, 9, 11, 15, 26; 2:3, 9, 13, 16, 17, 21, 23, 25, 27, 28, 29, 30, 32; 3:8, 9, 12, 13, 18, 19, 21, 23, 25, 29, 31, 32, 34, 35, 36, 37, 39; 4:1, 2, 7, 9, 11; 5:1, 3, 5, 13, 17; 6:1, 2, 5, 11, 12, 14, 15, 19, 20, 21, 22; 7:1, 3, 7, 9, 11, 17, 20, 21, 22, 23; 8:2, 4, 8, 9, 11, 14, 15, 18; 9:7, 9, 11, 12, 13; 10:4, 7, 9, 11, 17, 19; 11:1, 2, 9, 17, 18, 22, 24, 25; 12:1, 2, 3, 8, 12, 15, 16, 29, 30, 31; 13:3, 9, 13, 15, 16, 21, 23, 25, 27, 29, 30, 31, 32, 33, 34, 36, 37; 14:6, 7, 11, 12, 19, 20, 25, 26, 27; 15:2, 4, 6, 10, 12, 14, 16, 17, 18, 22, 23, 24, 25, 30, 36; 16:1, 4, 6, 8, 11, 14, 15, 18, 21, 22, 23; 17:2, 3, 4, 9, 10, 11, 12, 13, 14, 16, 18, 22, 24; 18:2, 4, 5, 8, 12, 17, 20, 26, 28, 31, 32, 33; 19:2, 5, 6, 7, 8, 9, 11, 13, 14, 20, 28, 30, 32, 36, 39, 40, 41, 42, 43; 20:1, 2, 6, 7, 11, 12, 13, 14, 15, 19, 21, 22, 23; 21:9, 14, 20; 22:1, 17, 18, 23, 31, 42; 23:5, 6, 8, 9, 10, 20, 23, 24, 39; 24:2, 3, 7, 8, 10, 12
1Kgs 1:3, 4, 6, 9, 15, 19, 20, 25, 29, 39, 40, 41, 49; 2:2, 3, 4, 15, 16, 20, 23, 26, 32, 38, 44; 3:8, 12, 13, 15, 17, 23, 25, 28; 4:1, 7, 10, 11, 12, 19, 20, 21, 22, 24, 25, 27, 28, 29, 30, 31, 34; 5:3, 4, 6, 8, 10, 13; 6:5, 10, 12, 15, 16, 18, 22, 23, 24, 25, 26, 27, 29, 31, 33, 34, 38; 7:1, 5, 7, 8, 9, 12, 14, 16, 17, 18, 23, 25, 27, 30, 33, 34, 36, 37, 38, 40, 42, 45, 47, 48, 50, 51; 8:1, 2, 3, 4, 5, 14, 16, 22, 23, 27, 38, 39, 40, 43, 48, 50, 52, 53, 54, 55, 56, 58, 59, 60, 62, 63, 64, 65, 66; 9:1, 4, 6, 7, 8, 9, 11, 19, 20; 10:2, 3, 4, 7, 10, 13, 15, 16, 17, 20, 21, 23, 24, 25, 27, 29; 11:1, 8, 13, 15, 16, 23, 25, 28, 32, 34, 36, 37, 38, 41, 42; 12:1, 3, 11, 12, 14, 16, 18, 20, 21, 23, 24, 28, 29, 30; 13:11, 32, 33; 14:5, 6, 8, 9, 10, 13, 18, 21, 22, 23, 24, 26, 29, 30; 15:3, 5, 6, 7, 12, 14, 16, 18, 20, 22, 23, 27, 29, 31, 32, 33; 16:7, 11, 12, 13, 14, 16, 17, 21, 25, 26, 30, 33; 17:10, 12, 13, 15; 18:1, 5, 6, 19, 20, 21, 22, 23, 24, 25, 30, 36, 39, 40, 41; 19:1, 2, 7, 10, 14, 18; 20:1, 4, 7, 8, 9, 10, 13, 15, 20, 24, 27, 28, 29, 37; 21:6, 25, 26; 22:8, 10, 12, 13, 16, 17, 19, 22, 23, 28, 31, 35, 36, 39, 43, 53
2Kgs 1:11; 2:11, 16; 3:6, 11, 17, 19, 21, 25, 26; 4:3, 4, 6, 13, 22; 5:12, 13, 15, 16, 19, 21, 22; 6:1, 2, 12, 15, 16, 24, 25, 31; 7:8, 9, 13, 15; 8:4, 6, 9, 21, 23; 9:1, 5, 7, 8, 10, 11, 13, 14, 15, 21, 22, 33, 35; 10:4, 5, 9, 11, 17, 18, 19, 21, 22, 23, 25, 30, 31, 32, 33, 34; 11:1, 5, 6, 7, 8, 9, 11, 14, 18, 19, 20; 12:2, 4, 5, 7, 9, 10, 12, 18, 19; 13:3, 8, 11, 12, 22; 14:3, 6, 12, 14, 21, 24, 26, 28; 15:3, 6, 16, 18, 20, 21, 26, 29, 31, 34, 36; 16:4, 10, 11, 15, 16; 17:5, 9, 10, 11, 13, 16, 18, 20, 22, 23, 25, 27, 28, 29, 39, 41; 18:3, 5, 12, 13, 15, 21, 24, 31, 33, 35; 19:4, 11, 15, 19, 23, 24, 35; 20:6, 13, 15, 17, 20; 21:3, 5, 6, 7, 8, 9, 11, 12, 14, 16, 17, 21, 24; 22:2, 13, 16, 17, 20; 23:1, 2, 3, 4, 5, 8, 15, 19, 20, 21, 22, 24, 25, 26, 28, 32, 35, 37; 24:3, 5, 7, 9, 13, 14, 16, 19; 25:1, 4, 5, 9, 10, 11, 14, 16, 17, 23, 26, 29, 30
1Chr 1:19, 23, 33; 2:4, 6, 23, 26; 3:9; 4:9, 27, 33, 38, 42; 5:9, 10, 16, 17, 20, 22, 23; 6:48, 49, 60; 7:3, 4, 5, 8, 11, 22, 40; 8:38, 40; 9:1, 9, 13, 22, 27, 29, 30, 31, 32; 10:6, 7, 11, 12; 11:1, 3, 4, 10, 11, 12, 21, 22; 12:2, 14, 15, 19, 21, 29, 32, 33, 37, 38, 40; 13:1, 2, 4, 5, 6, 8, 14; 14:3, 8, 17; 15:2, 3, 12, 27, 28; 16:3, 9, 14, 15, 19, 20, 23, 24, 25, 26, 30, 32, 36, 37, 40, 43; 17:2, 5, 6, 8, 10, 15, 18, 19, 20, 21; 18:4, 8, 9, 10, 11, 13, 14; 19:8, 10, 12, 17; 20:2, 3, 6; 21:3, 4, 5, 6, 8, 10, 12, 13, 23; 22:3, 4, 5, 8, 9, 14, 15, 17, 18; 23:2, 3, 11, 17, 24, 27, 28, 29, 30, 31; 24:3, 4, 5, 6; 25:5, 7; 26:8, 11, 12, 13, 26, 28, 30, 32; 27:1, 3, 6, 18, 23, 27, 31; 28:1, 4, 5, 8, 9, 12, 13, 14, 15, 16, 17, 19, 20, 21; 29:1, 2, 3, 5, 10, 11, 12, 14, 15, 16, 17, 19, 20, 21, 23, 24, 25, 26, 30
2Chr 1:1, 2, 3, 9, 12, 15, 17; 2:5, 6, 9, 14, 16, 17; 3:11, 12, 15, 17; 4:4, 13, 15, 16, 18, 19; 5:1, 2, 3, 4, 5, 6, 11, 12, 13; 6:3, 5, 12, 13, 14, 18, 29, 30, 33, 38; 7:3, 4, 5, 6, 8, 11, 17, 20, 21, 22; 8:4, 6, 7, 13, 14, 16; 9:1, 2, 4, 6, 9, 11, 12, 14, 15, 16, 18, 19, 20, 21, 22, 23, 24, 26, 27, 28, 30; 10:1, 3, 11, 12, 14, 16; 11:3, 4, 12, 13, 16, 21, 23; 12:1, 7, 9, 13; 13:4, 8, 11, 15; 14:5, 7, 8, 11, 13, 14, 15; 15:2, 5, 6, 8, 9, 12, 15, 17; 16:1, 4, 6, 8, 9, 10, 12, 14; 17:2, 5, 9, 10, 11, 12, 13, 19; 18:1, 2, 7, 8, 9, 11, 12, 15, 16, 18, 21, 27, 30, 34; 19:5, 11; 20:2, 3, 4, 6, 13, 15, 18, 23, 24, 25, 27, 29, 35; 21:2, 4, 9, 14, 17, 18; 22:1, 9, 10; 23:2, 3, 4, 5, 6, 7, 8, 10, 13, 16, 17, 19, 20, 21; 24:2, 5, 7, 10, 11, 14, 16, 23, 24; 25:4, 5, 7, 9, 12, 13, 21, 22, 24; 26:1, 4, 8, 10, 11, 12, 14, 20, 21; 27:2, 3, 5, 7; 28:4, 5, 6, 8, 13, 14, 15, 22, 23, 24, 25, 26; 29:2, 16, 18, 19, 24, 28, 29, 31, 32, 34, 35, 36; 30:1, 2, 4, 5, 6, 12, 13, 14, 17, 18, 22, 23, 25; 31:1, 2, 5, 16, 17, 18, 19, 20, 21; 32:4, 5, 7, 9, 12, 13, 14, 15, 16, 21, 22, 23, 26, 27, 28, 29, 30, 31, 33; 33:3, 5, 6, 7, 8, 14, 15, 17, 19, 22, 23, 25; 34:7, 9, 12, 13, 16, 21, 24, 25, 28, 29, 30, 31, 32, 33; 35:3, 7, 13, 15, 16, 18, 20, 24, 25; 36:14, 17, 18, 19, 22, 23
Ezra 1:1, 2, 3, 5, 6, 11; 2:1, 42, 64, 68, 70; 3:1, 4, 5, 8, 11, 12; 4:5, 20, 21; 5:7, 11; 6:5, 9, 12, 17, 20, 21; 7:6, 7, 13, 16, 20, 21, 22, 25, 28; 8:15, 20, 21, 22, 25, 34, 35; 9:4, 6, 8, 11, 13; 10:1, 2, 3, 5, 7, 8, 9, 10, 12, 13, 14, 16, 17, 44
Neh 1:2, 6, 7; 2:2, 10, 12; 3:8, 9, 12, 14, 15, 16, 17, 18, 19, 21, 24, 27, 28, 30; 4:6, 7, 8, 10, 12, 15, 16, 17, 18, 19, 22, 23; 5:5, 6, 7, 11, 13, 16, 18, 19; 6:2, 9, 16; 7:2, 3, 6, 63, 66, 70, 71, 73; 8:1, 2, 3, 5, 6, 9, 11, 12, 13, 15, 16, 17, 18; 9:2, 3, 5, 6, 10, 25, 32, 33, 37, 38; 10:9, 28, 29, 31, 32, 33, 35, 37; 11:1, 2, 3, 14, 20, 23, 24, 25; 12:27, 28, 31, 44, 45, 47; 13:3, 6, 8, 10, 12, 15, 16, 18, 20, 26, 27, 28, 30
Esth 1:3, 4, 5, 7, 8, 12, 13, 16, 17, 18, 20, 22; 2:3, 8, 11, 12, 13, 15, 17, 18, 23; 3:1, 2, 6, 8, 12, 13, 14; 4:1, 2, 3, 4, 5, 7, 11, 13, 14, 16, 17; 5:11, 13, 14; 6:6, 9, 10, 13; 7:9; 8:5, 9, 11, 12, 13, 17; 9:2, 3, 4, 5, 20, 24, 26, 27, 28, 29, 30; 10:2, 3
Job 1:3, 4, 5, 8, 10, 11, 12, 15, 16, 17, 18, 19, 22; 2:3, 4, 10, 11, 12, 13; 3:9, 21, 22; 4:3, 14, 17, 19; 7:18; 8:7, 13; 9:3, 14, 22, 28, 33; 10:7, 16, 20; 11:2, 6, 19; 12:6, 9, 10, 23; 13:1, 4, 9, 20, 23, 27; 14:1, 4, 14, 15; 15:10, 16, 20; 16:2, 7, 22; 17:7, 10; 18:11, 15; 19:10, 11, 19; 20:21, 22, 26, 28; 21:33; 22:11; 23:12, 13, 14; 24:6, 24; 25:6; 27:3, 12, 14; 28:3, 10, 17, 18, 19, 21, 24; 29:12, 18, 19; 30:23; 31:4, 12, 25, 34; 32:6, 7, 12; 33:1, 11, 19, 23, 29; 34:11, 13, 15, 19, 21, 23, 29, 37; 35:2, 6, 9, 10, 11, 12; 36:9, 19, 25, 28, 31; 37:3, 7; 38:7, 18, 34; 39:7, 8; 40:11, 12, 20; 41:3, 10, 11, 16, 17, 34; 42:2, 3, 10, 11, 12, 15
Ps 2:12; 3:1, 2, 7; 4:6, 7, 8; 5:5, 7, 10, 11; 6:6, 7, 8, 10; 7:1, 2, 11; 8:1, 6, 7, 9; 9:1, 14, 17; 10:4, 5, 15; 12:2, 3, 8; 14:1, 3, 4; 16:3, 4; 17:2; 18:16, 17, 22, 30, 41; 19:4, 10; 20:3, 4, 5; 21:6, 8; 22:7, 11, 12, 14, 17, 23, 27, 29; 23:6; 25:3, 5, 10, 18, 19, 22; 26:7; 27:4; 29:3, 9; 31:11, 13, 23, 24; 32:3, 6, 10, 11; 33:4, 6, 8, 10, 11, 13, 14, 15, 16; 34:1, 4, 6, 12, 17, 19, 20, 22; 35:10, 18, 28; 36:8; 37:10, 11, 16, 31; 38:4, 6, 9, 12, 19; 39:5, 6, 8, 11, 12; 40:3, 5, 12, 16; 41:3, 7; 42:4, 7; 43:4; 44:8, 12, 17, 22; 45:8, 13, 16, 17; 47:1, 2, 7; 48:2; 49:1, 2, 6, 7, 10, 11, 16; 50:3, 10, 11, 22; 51:1, 4, 9, 19; 52:3, 4, 7; 53:1, 3; 54:7; 55:13, 18; 56:2, 5; 57:2, 5, 11; 58:8, 9; 59:5, 8; 61:6; 62:2, 3, 4, 5, 6, 8, 10, 12; 63:11; 64:6, 8, 9, 10; 65:2, 5, 10, 12; 66:1, 4, 16; 67:2, 3, 5, 6, 7; 68:3, 30; 69:4, 13, 16, 19, 20, 25, 27, 34; 70:4; 71:7, 8, 11, 14, 15, 16, 18, 19, 21, 24; 72:5, 7, 11, 17, 18, 19; 73:7, 12, 14, 16, 25, 27, 28; 74:3, 8, 9, 17, 19, 23; 75:3, 7, 8, 10; 76:4, 5, 6, 9, 11; 77:12; 78:14, 17, 32, 38, 46, 51; 79:3, 8, 13; 80:12; 81:11; 82:5, 6, 7, 8; 83:5, 11, 18; 84:7, 10; 85:2, 3, 5, 12; 86:5, 8, 9, 12; 87:2, 7; 88:7; 89:1, 4, 7, 16, 40, 41, 42, 47, 50; 90:1, 4, 9, 14; 91:8, 11; 92:2, 5, 7, 9; 93:4, 5; 94:4, 15, 19; 95:3; 96:1, 3, 4, 5, 9, 12; 97:1, 5, 6, 7, 9; 98:3, 4; 99:2; 100:1, 5; 101:8; 102:8, 12, 15, 24, 26; 103:1, 2, 3, 6, 19, 21, 22; 104:1, 11, 20, 24, 25, 27; 105:2, 7, 8, 12, 13, 16, 21, 24, 30, 31, 35, 36, 37; 106:2, 3, 7, 11, 14, 31, 43, 45, 46, 48; 107:12, 18, 37, 38, 42; 108:5; 109:8, 11, 12, 30; 110:6; 111:1, 2, 7, 10; 113:4; 115:8, 13, 14; 116:11, 12, 14, 18; 117:1; 118:7, 10; 119:2, 6, 10, 13, 14, 20, 34, 58, 63, 69, 84, 86, 90, 91, 96, 97, 99, 100, 101, 104, 107, 118, 119, 128, 138, 140, 145, 151, 157, 160, 167, 168, 172; 121:7; 123:3, 4; 128:1, 5; 129:1, 2, 5; 130:6, 8; 131:1; 132:1, 15; 134:1; 135:5, 6, 8, 9, 11, 13, 18; 136:25; 137:3; 138:1, 2, 4; 139:3, 6, 12, 16, 18; 142:6; 143:5, 12; 144:13; 145:2, 4, 7, 9, 10, 13, 14, 15, 16, 17, 18, 20, 21; 146:6, 10; 147:4, 15; 148:2, 3, 7, 9, 10, 11, 12, 14; 149:9; 150:6
Prov 1:5, 13, 14, 19, 25, 30; 2:9, 19; 3:2, 5, 6, 9, 15, 17, 18, 31; 4:3, 7, 10, 16, 18, 22, 23, 26; 5:14, 17, 19, 21; 6:10, 31, 35; 7:12, 21, 26; 8:8, 9, 11, 16, 36; 9:9, 11; 10:12, 19, 20, 21, 22; 11:14, 23, 24; 12:26; 13:10, 11, 16, 23; 14:1, 4, 15, 20, 23, 28; 15:3, 6, 15, 22; 16:2, 4, 5, 11, 16, 21, 23, 33; 17:2, 10, 11, 15, 17; 18:1, 20; 19:4, 6, 7, 21, 24; 20:3, 6, 8, 10, 12, 15, 18, 27; 21:2, 3, 5, 26; 22:2, 16, 26; 23:17, 28; 24:4, 5, 6, 7, 12, 22, 26, 31, 33; 25:16, 27; 26:7, 10, 12, 26; 27:2, 3, 7, 15, 24; 28:2, 5, 8, 23, 27, 28; 29:11, 12, 13, 16, 20, 26; 30:2, 4, 5, 6, 18, 24, 27; 31:8, 10, 12, 21, 29
Eccl 1:2, 3, 4, 7, 8, 13, 14, 16, 18; 2:3, 5, 7, 8, 9, 10, 11, 14, 15, 16, 17, 18, 19, 20, 22, 23, 25; 3:1, 11, 13, 17, 19, 20; 4:1, 2, 3, 4, 6, 8, 9, 10, 11, 12, 15, 16; 5:1, 2, 3, 7, 9, 10, 11, 12, 16, 17, 18, 20; 6:2, 3, 5, 6, 8, 11, 12; 7:2, 15, 16, 17, 18, 19, 21, 24, 26, 27, 28, 29; 8:5, 6, 9, 17; 9:1, 2, 3, 4, 9, 11, 14, 17, 18; 10:1, 3, 10, 15, 18, 19; 11:1, 5, 6, 8, 9; 12:3, 4, 8, 9, 11, 12, 13, 14
Song 1:4, 13; 3:4, 6, 8; 4:2, 4, 7, 9, 10, 14; 5:1, 9; 6:6, 9; 7:13; 8:7, 11, 12
Isa 1:5, 9, 11, 15, 23, 25, 31; 2:2, 3, 4, 11, 12, 13, 14, 15, 16, 17, 20; 3:1, 5; 4:1, 3, 5; 5:1, 4, 8, 9, 10, 13, 14, 25, 27, 28, 29; 6:2, 3, 6; 7:13, 16, 19, 22, 23, 24, 25; 8:7, 9, 12, 14, 15; 9:1, 3, 5, 7, 9, 12, 14, 17, 20, 21; 10:4, 7, 12, 14, 17, 18, 19, 20, 21, 22, 23, 25; 11:9, 11, 16; 12:5; 13:4, 5, 7, 9, 12, 14, 15; 14:6, 7, 9, 10, 18, 22, 26, 29, 30, 31; 15:2, 3, 7, 9; 16:6, 7, 14; 17:2, 3, 12, 13; 18:3, 5, 6; 19:2, 7, 8, 10, 14, 17, 18; 21:2, 7, 8, 9, 16, 17; 22:3, 9, 18, 22, 24; 23:9, 10, 15, 16, 17; 24:6, 7, 10, 11, 16, 19, 22; 25:6, 7, 8; 26:12, 13, 14, 15, 20; 27:3, 9, 12; 28:8, 10, 11, 13, 19, 22, 24; 29:5, 7, 8, 11, 17, 20; 30:1, 5, 17, 18, 19, 23, 25, 32, 33; 31:1, 3, 4, 7; 32:10, 13, 14, 20; 33:2, 17, 20; 34:1, 2, 4, 10, 12, 15, 16; 35:2, 7; 36:1, 6, 9, 16, 20; 37:4, 11, 16, 17, 18, 20, 24, 25, 27, 31, 32, 36; 38:5, 10, 13, 15, 16, 17, 20; 39:2, 4, 6; 40:2, 4, 5, 6, 15, 17, 25, 26, 29; 41:6, 11, 15, 17, 26, 27, 29; 42:10, 15, 20, 22; 43:7, 9, 13, 14; 44:9, 11, 12, 16, 17, 19, 23, 24, 28; 45:5, 6, 7, 12, 13, 14, 16, 18, 21, 22, 23, 24, 25; 46:3, 5, 9, 10; 47:6, 8, 9, 10, 12, 13, 15; 48:6, 8, 14; 49:9, 11, 18, 19, 20, 26; 50:2, 9, 11; 51:2, 3, 13, 18, 20; 52:5, 10, 13, 14, 15; 53:6, 11, 12; 54:1, 5, 7, 8, 12, 13, 17; 55:1, 7, 12; 56:6, 7, 9, 10, 11, 12; 57:1, 2, 5, 8, 9, 13; 58:3, 6, 12; 59:4, 11, 12; 60:4, 5, 6, 7, 14, 15, 21, 22; 61:2, 4, 9, 11; 62:2; 63:3, 5, 7, 9, 18; 64:6, 7, 8, 9, 11, 12; 65:2, 5, 8, 12, 15, 25; 66:2, 4, 8, 10, 11, 16, 17, 18, 20, 23, 24
Jer 1:7, 14, 15, 16, 17, 18; 2:3, 4, 12, 20, 21, 22, 24, 29, 34, 36; 3:1, 6, 7, 8, 10, 11, 13, 14, 16, 17, 23; 4:4, 6, 12, 20, 22, 24, 25, 26, 27, 29; 5:5, 6, 7, 8, 10, 11, 16, 18, 19, 24, 27; 6:1, 3, 6, 9, 11, 13, 15, 25, 26, 28; 7:2, 10, 13, 15, 23, 25, 27, 33; 8:2, 3, 6, 10, 12, 16; 9:2, 4, 5, 10, 12, 20, 22, 25, 26; 10:6, 7, 8, 9, 13, 14, 16, 20, 21, 22; 11:4, 6, 8, 12, 15, 16, 23; 12:1, 4, 6, 9, 10, 11, 12, 14, 15, 17; 13:6, 9, 11, 12, 13, 19; 14:7, 16, 17, 18, 19, 22; 15:4, 8, 9, 10, 13, 18; 16:10, 12, 15, 16, 17; 17:3, 9, 10, 13, 19, 20; 18:4, 11, 12, 13, 16, 23; 19:8, 9, 11, 13, 14, 15; 20:4, 5, 6, 7, 10, 15, 17; 21:2, 5, 6, 12, 14; 22:7, 8, 14, 20, 22, 26; 23:3, 8, 9, 10, 11, 14, 15, 17, 27, 30, 32, 35, 36, 39; 24:2, 3, 7, 8, 9; 25:1, 2, 4, 5, 9, 11, 13, 14, 15, 17, 19, 20, 22, 23, 24, 25, 26, 29, 30, 31, 32, 33; 26:2, 3, 5, 6, 7, 8, 9, 11, 12, 15, 16, 17, 18, 19, 20, 21, 22; 27:5, 6, 7, 12, 16, 19, 20; 28:1, 3, 4, 5, 6, 7, 8, 11, 14, 17; 29:1, 4, 6, 13, 14, 16, 18, 20, 22, 25, 26, 31; 30:2, 6, 7, 10, 11, 13, 14, 15, 16, 19, 20; 31:1, 7, 8, 12, 13, 24, 25, 30, 34, 37, 40; 32:11, 12, 14, 17, 19, 21, 23, 27, 30, 32, 37, 39, 41, 42; 33:3, 5, 6, 8, 9, 12; 34:1, 6, 7, 8, 9, 10, 14, 15, 16, 17, 18, 19; 35:2, 3, 5, 7, 8, 10, 14, 15, 17, 18; 36:2, 3, 4, 6, 7, 8, 9, 10, 11, 12, 13, 14, 16, 17, 18, 20, 21, 23, 24, 28, 30, 31, 32; 37:10, 16, 21; 38:1, 4, 7, 9, 22, 23, 27; 39:1, 3, 4, 6, 9, 10, 13; 40:1, 4, 7, 11, 12, 13, 15; 41:3, 5, 6, 9, 10, 11, 12, 13, 14, 16; 42:1, 2, 5, 8, 15, 17, 20; 43:1, 2, 4, 5, 6, 9; 44:1, 2, 4, 7, 8, 11, 12, 14, 15, 18, 20, 24, 25, 26, 27, 28; 45:4, 5; 46:11, 12, 16, 20, 21, 23, 25, 27, 28; 47:2, 4, 5; 48:3, 7, 8, 17, 24, 29, 31, 33, 37, 38, 39; 49:3, 5, 7, 9, 12, 13, 14, 15, 17, 20, 26, 29, 32, 36; 50:3, 4, 7, 9, 10, 13, 14, 16, 20, 21, 22, 23, 26, 27, 29, 30, 32, 33, 37, 41, 42, 45; 51:3, 6, 7, 9, 12, 13, 16, 17, 19, 24, 25, 28, 29, 31, 33, 41, 42, 45, 46, 47, 48, 49, 52, 54, 55, 56, 58, 60, 61, 62; 52:2, 4, 7, 8, 10, 13, 14, 15, 16, 17, 18, 20, 21, 22, 23, 30, 33, 34
Lam 1:2, 3, 4, 5, 6, 7, 8, 10, 11, 12, 13, 15, 17, 18, 21, 22; 2:2, 3, 4, 5, 13, 15, 16, 19, 22; 3:3, 14, 23, 26, 32, 34, 46, 51, 60, 61, 62; 4:1, 6, 7, 12, 15; 5:8, 22
Ezek 1:6, 9, 11, 12, 15, 16, 23; 3:6, 7, 10, 13; 4:6, 8, 9; 5:2, 3, 4, 6, 7, 9, 10, 11, 12, 14; 6:6, 8, 9, 11, 13, 14; 7:3, 5, 8, 11, 12, 13, 14, 16, 17, 18, 25; 8:10, 11, 12; 9:1, 2, 4, 6, 8, 9; 10:7, 9, 10, 14, 19, 21, 22; 11:5, 6, 15, 18, 19, 25; 12:3, 10, 14, 16, 19, 22, 23, 27, 28; 13:18; 14:3, 4, 5, 6, 7, 11, 16, 18, 21, 22, 23; 15:2, 4, 5, 7; 16:4, 5, 7, 13, 15, 22, 23, 24, 25, 26, 27, 29, 30, 31, 33, 34, 36, 37, 41, 43, 44, 47, 49, 51, 52, 54, 57, 63; 17:7, 9, 15, 17, 18, 21, 23, 24; 18:4, 7, 8, 10, 13, 14, 17, 19, 21, 22, 23, 24, 25, 28, 29, 30, 31; 19:3, 5, 8, 10, 11; 20:6, 7, 8, 15, 26, 28, 31, 32, 39, 40, 43, 47, 48; 21:4, 5, 7, 10, 12, 15, 16, 19, 24; 22:2, 4, 5, 6, 12, 18, 19, 25, 30; 23:2, 6, 7, 11, 12, 13, 14, 15, 19, 22, 23, 29, 32, 42, 48; 24:4, 24; 25:6, 8; 26:3, 7, 10, 11, 16, 17; 27:3, 5, 9, 12, 15, 16, 18, 21, 22, 24, 25, 27, 29, 33, 34, 35; 28:5, 13, 16, 18, 19, 23, 24, 26; 29:2, 4, 5, 6, 7, 18, 19; 30:4, 5, 8, 10, 12, 15; 31:2, 4, 5, 6, 9, 12, 13, 14, 15, 16, 18; 32:3, 4, 8, 9, 10, 12, 13, 15, 16, 18, 20, 22, 23, 24, 25, 26, 29, 30, 31, 32; 33:13, 17, 20, 24, 26, 28, 29, 30, 31, 32; 34:5, 6, 8, 11, 12, 13, 21, 23, 27, 28; 35:8, 12, 13, 14, 15; 36:3, 5, 10, 24, 25, 29, 30, 33, 34; 37:2, 10, 11, 16, 17, 19, 21, 22, 23, 24; 38:4, 5, 6, 7, 8, 9, 11, 13, 15, 17, 20, 21, 22, 23; 39:2, 4, 9, 11, 13, 17, 18, 20, 21, 23, 25, 26, 27, 28; 40:2, 4, 7, 10, 13, 16, 26, 44, 48, 49; 41:1, 2, 5, 6, 7, 10, 11, 15, 17, 18, 19, 21, 24, 26; 42:6, 9, 11, 12; 43:2, 11, 12, 25; 44:5, 6, 7, 14, 24, 29, 30; 45:1, 6, 7, 11, 13, 14, 17, 20, 22; 46:12, 13, 14, 15, 17, 18, 21, 22; 47:7, 9, 10, 12, 14; 48:8, 13, 18, 19, 21
Dan 1:2, 4, 15, 17, 19, 20; 2:9, 11, 12, 30, 33, 35, 38, 39, 40, 41, 42, 43, 44, 48; 3:2, 3, 5, 7, 10, 15, 19, 22, 29; 4:1, 6, 11, 12, 18, 19, 20, 21, 35, 36, 37; 5:5, 6, 8, 19, 22, 23, 24; 6:1, 3, 4, 12, 19, 23, 24, 25, 26; 7:3, 5, 6, 7, 8, 14, 16, 19, 20, 23, 24, 27, 28; 8:3, 5, 7, 8, 9, 10, 13, 25, 26, 27; 9:6, 7, 11, 12, 13, 14, 16, 27; 10:3, 6, 13, 14, 21; 11:2, 4, 5, 7, 8, 10, 11, 12, 13, 14, 16, 17, 18, 20, 25, 26, 27, 33, 34, 35, 36, 37, 39, 40, 41, 43, 44, 45; 12:1, 2, 3, 4, 5, 7, 10
Hos 1:4, 11; 2:8, 10, 11; 3:3, 4; 4:3, 7; 5:2, 14; 6:6; 7:2, 4, 6, 7, 10; 8:10, 11, 14; 9:1, 4, 7, 8, 15; 10:1, 13, 14; 11:7; 12:1, 8, 10; 13:2, 10, 15; 14:2
Joel 1:2, 3, 5, 12, 13, 14, 19; 2:1, 2, 3, 6, 7, 8, 11, 12, 27, 28; 3:2, 4, 9, 11, 12, 14, 18
Amos 1:6, 9, 11; 2:3, 8; 3:1, 2, 5; 4:3, 4, 6, 7, 8, 9, 11; 5:2, 3, 6, 12, 16, 17, 20; 6:2, 8, 9; 7:4, 10; 8:3, 8, 10; 9:1, 5, 9, 10, 12, 13
Obad 1:5, 7, 9, 11, 15, 16
Jonah 1:5, 7, 10, 16; 2:3; 3:3, 8; 4:1, 6, 11
Mic 1:2, 5, 7, 10; 2:5, 12; 3:7, 9, 11; 4:2, 3, 4, 5, 11, 13; 5:7, 8, 9, 11, 12; 6:16; 7:2, 3, 16, 19
Nah 1:3, 4, 5, 12; 2:4, 8, 9, 10, 11; 3:1, 3, 4, 7, 10, 12, 15, 16
Hab 1:8, 9, 10, 13, 15; 2:5, 6, 8, 10, 17, 19, 20
Zeph 1:2, 4, 8, 9, 11, 18; 2:3, 11, 14, 15; 3:5, 6, 7, 8, 9, 11, 13, 14, 19, 20
Hag 1:6, 9, 11, 12, 14; 2:4, 6, 7, 14, 16, 17, 22
Zech 1:11, 15; 2:3, 4, 11, 13; 3:9, 10; 4:2, 3, 10, 14; 5:3, 6; 6:5, 13; 7:3, 5, 9, 10, 13; 8:4, 10, 12, 16, 17, 20, 21, 22, 23; 9:1, 2, 5; 10:1, 4, 8, 11; 11:6, 7, 8, 9, 10; 12:2, 3, 4, 6, 9, 10, 12, 14; 13:4, 8, 9; 14:2, 4, 5, 7, 9, 12, 13, 14, 15, 16, 17, 19, 21
Mal 1:11; 2:6, 8, 9, 10, 15, 17; 3:9, 10, 12, 13; 4:1, 4
Matt 1:17, 22; 2:3, 4, 10, 12, 16; 3:5, 7, 10, 15; 4:4, 8, 9, 10, 23, 24, 25; 5:1, 11, 12, 13, 15, 18, 19, 25, 29, 30, 34, 36, 37, 47; 6:7, 22, 23, 25, 26, 27, 29, 30, 32, 33; 7:11, 12, 13, 14, 17, 21, 22; 8:1, 8, 10, 11, 16, 18, 21, 26, 28, 30, 32, 33, 34; 9:8, 10, 17, 26, 31, 33, 35, 36, 37; 10:1, 5, 15, 22, 25, 26, 28, 29, 30, 31, 37, 42; 11:3, 7, 9, 13, 22, 24, 28; 12:6, 11, 12, 15, 22, 23, 25, 31, 34, 36, 41, 42, 45; 13:2, 3, 4, 5, 7, 8, 12, 15, 17, 19, 23, 30, 32, 33, 34, 36, 41, 44, 46, 47, 51, 52, 56, 58; 14:5, 14, 15, 19, 20, 22, 23, 31, 35, 36; 15:10, 13, 14, 28, 30, 31, 33, 34, 35, 36, 37, 39; 16:8, 9, 10, 14, 21, 26, 27, 28; 17:4, 8, 11, 14, 23; 18:5, 6, 9, 10, 12, 13, 14, 16, 19, 25, 26, 28, 29, 32, 34, 35; 19:2, 3, 5, 6, 11, 12, 20, 25, 26, 27, 29, 30; 20:6, 9, 10, 12, 16, 21, 28, 29, 31; 21:3, 8, 9, 10, 11, 12, 19, 21, 22, 24, 26, 33, 35, 36, 46; 22:4, 5, 9, 10, 14, 27, 28, 33, 35, 37, 40, 46; 23:1, 4, 5, 8, 9, 10, 14, 15, 17, 19, 20, 27, 34, 35, 36; 24:2, 5, 6, 9, 10, 11, 12, 14, 17, 21, 23, 24, 30, 31, 33, 34, 36, 39, 40, 41, 47; 25:5, 7, 15, 18, 20, 21, 23, 29, 31, 32, 40, 45; 26:1, 7, 9, 13, 14, 17, 21, 22, 27, 28, 31, 33, 35, 37, 38, 39, 40, 47, 51, 52, 53, 55, 56, 59, 60, 70, 71, 73; 27:1, 13, 19, 20, 22, 23, 24, 25, 27, 38, 45, 52, 53, 55; 28:11, 17
Mark 1:5, 19, 27, 28, 32, 33, 34, 37, 39, 44, 45; 2:1, 2, 7, 12, 13, 15; 3:7, 8, 9, 10, 20, 28, 32; 4:1, 2, 4, 5, 7, 8, 11, 12, 13, 20, 22, 23, 24, 31, 32, 33, 34, 36, 38, 41; 5:9, 10, 12, 15, 20, 21, 22, 24, 26, 31, 33, 40; 6:2, 5, 8, 11, 13, 15, 20, 26, 30, 31, 33, 34, 38, 39, 41, 42, 50, 55, 56; 7:2, 3, 4, 8, 13, 14, 16, 19, 33, 36, 37; 8:1, 5, 7, 14, 19, 20, 25, 26, 28, 31, 36; 9:1, 3, 5, 8, 12, 14, 15, 17, 23, 26, 35, 37, 42, 47, 49; 10:8, 14, 18, 20, 21, 27, 28, 30, 31, 37, 41, 44, 45, 48; 11:3, 8, 11, 17, 18, 29, 32; 12:4, 5, 6, 9, 22, 28, 29, 30, 31, 32, 33, 40, 41, 43, 44; 13:1, 2, 4, 5, 6, 13, 15, 21, 23, 26, 30, 34, 37; 14:3, 5, 9, 10, 18, 19, 20, 23, 24, 27, 29, 31, 33, 34, 35, 36, 37, 43, 50, 53, 55, 56, 58, 64, 66, 69, 70; 15:1, 3, 4, 6, 7, 8, 14, 16, 24, 27, 33; 16:2, 4, 15, 18
Luke 1:1, 3, 6, 7, 10, 14, 16, 48, 61, 63, 65, 66, 71, 75; 2:1, 3, 10, 13, 18, 19, 20, 23, 31, 34, 35, 36, 38, 39, 41, 46, 47, 51, 52; 3:3, 5, 6, 7, 9, 11, 13, 15, 16, 18, 19, 20, 21; 4:4, 5, 6, 7, 8, 13, 14, 15, 20, 22, 25, 27, 28, 36, 37, 40, 41; 5:3, 5, 6, 7, 9, 11, 15, 17, 19, 26, 28, 36, 38; 6:6, 9, 10, 12, 17, 19, 26, 29, 30, 35, 39, 40, 44; 7:1, 9, 11, 12, 16, 17, 18, 19, 20, 21, 26, 28, 29, 35, 36, 41, 42, 47; 8:1, 3, 4, 5, 6, 7, 8, 17, 30, 32, 37, 39, 40, 42, 43, 45, 47, 52, 54; 9:1, 7, 8, 10, 12, 13, 15, 16, 17, 19, 22, 23, 25, 27, 33, 37, 38, 43, 48, 56; 10:1, 2, 12, 13, 14, 19, 24, 27, 35, 40, 41, 42; 11:1, 4, 8, 10, 11, 13, 15, 17, 22, 26, 31, 32, 34, 36, 41, 42, 45, 46, 49, 50, 53; 12:1, 6, 7, 13, 15, 18, 19, 23, 24, 25, 26, 27, 28, 30, 31, 32, 41, 44, 47, 48, 52, 59; 13:1, 2, 3, 4, 5, 10, 15, 17, 21, 23, 24, 27, 28; 14:1, 8, 16, 17, 18, 19, 20, 25, 26, 29, 31, 32, 33; 15:1, 4, 7, 10, 13, 14, 17, 19, 20, 26, 29, 31; 16:5, 7, 10, 12, 13, 14, 16, 17, 19, 26; 17:2, 5, 10, 22, 25, 27, 29, 34, 35, 36; 18:10, 12, 14, 19, 21, 22, 23, 24, 28, 30, 31, 34, 39, 43; 19:7, 11, 15, 17, 20, 26, 31, 37, 39, 43, 44, 48; 20:1, 3, 6, 11, 32, 36, 38, 40, 45, 47; 21:3, 4, 6, 8, 11, 12, 15, 16, 17, 18, 22, 23, 24, 27, 29, 32, 34, 35, 36, 38; 22:26, 27, 33, 35, 36, 44, 47, 50, 58, 59, 65, 70; 23:1, 5, 8, 9, 18, 26, 33, 39, 44, 48, 49; 24:1, 4, 9, 14, 17, 18, 19, 21, 25, 27, 41, 44, 47
John 1:3, 7, 9, 12, 14, 15, 16, 27, 30, 50; 2:2, 10, 12, 15, 23, 24; 3:8, 16, 18, 20, 23, 25, 26, 30, 31, 35; 4:1, 25, 29, 36, 37, 39, 41, 45, 53; 5:3, 18, 20, 22, 23, 28, 32, 36, 37, 43, 44; 6:7, 9, 10, 11, 22, 39, 40, 45, 46, 51, 64, 66, 70, 71; 7:12, 17, 21, 23, 31, 33, 37, 50, 53; 8:2, 9, 10, 26, 30, 41; 9:16, 25, 40; 10:9, 10, 16, 20, 28, 29, 30, 32, 41, 42; 11:9, 19, 37, 45, 46, 47, 48, 49, 50, 52, 55, 57; 12:2, 3, 4, 9, 11, 12, 24, 26, 28, 32, 35, 37, 42, 43, 47; 13:3, 9, 10, 11, 16, 18, 21, 22, 23, 29, 33, 35; 14:2, 12, 14, 19, 26, 28, 30; 15:2, 4, 5, 8, 15, 20, 21, 24; 16:12, 13, 16, 17, 18, 19, 30, 32; 17:2, 3, 7, 10, 11, 20, 21, 22, 23; 18:4, 14, 17, 22, 25, 37, 38, 40; 19:8, 11, 18, 20, 23, 28, 34, 37; 20:4, 12, 24, 30; 21:5, 6, 11, 12, 15, 17, 18, 25
Acts 1:1, 3, 5, 8, 13, 14, 17, 18, 19, 21, 22, 24, 25; 2:1, 2, 3, 4, 5, 6, 7, 8, 12, 14, 17, 29, 32, 36, 38, 39, 40, 41, 43, 44, 45, 46, 47; 3:6, 9, 11, 16, 18, 21, 22, 23, 24, 25, 26; 4:4, 6, 10, 12, 16, 18, 19, 21, 22, 23, 24, 27, 29, 31, 32, 33, 34, 35; 5:2, 3, 5, 8, 11, 12, 14, 15, 16, 17, 20, 21, 23, 34, 36, 37, 42; 6:1, 2, 5, 7, 15; 7:5, 10, 11, 14, 17, 18, 20, 22, 24, 26, 50, 57; 8:1, 3, 6, 7, 10, 12, 16, 24, 25, 27, 31, 34, 37, 38, 40; 9:13, 14, 21, 22, 23, 26, 31, 32, 35, 39, 40, 42, 43; 10:2, 8, 10, 12, 22, 27, 28, 33, 35, 36, 37, 38, 39, 41, 43, 44, 45; 11:10, 14, 19, 20, 23, 24, 26, 28, 29; 12:10, 11, 12, 17, 20, 24; 13:10, 22, 24, 27, 29, 31, 35, 39, 43, 44, 48, 49; 14:1, 4, 5, 15, 16, 21, 22, 23, 27; 15:3, 4, 7, 12, 17, 18, 21, 22, 25, 32, 35, 36; 16:3, 5, 12, 16, 18, 20, 23, 26, 28, 32, 33, 34; 17:4, 5, 7, 11, 12, 15, 21, 22, 24, 25, 26, 27, 30, 31; 18:2, 8, 10, 12, 17, 21, 23, 25, 26, 27; 19:2, 7, 10, 17, 18, 19, 26, 27, 29, 32, 34; 20:2, 8, 12, 18, 19, 21, 23, 24, 25, 26, 27, 28, 31, 32, 35, 36, 37, 38; 21:5, 8, 12, 13, 18, 20, 21, 22, 24, 25, 26, 27, 28, 30, 31, 34, 36; 22:2, 3, 4, 5, 10, 12, 15, 19, 30; 23:1, 6, 8, 9, 13, 15, 17, 20, 21; 24:2, 3, 4, 5, 8, 10, 14, 15, 18, 21, 22, 23; 25:7, 8, 10, 11, 18, 24; 26:2, 3, 4, 9, 10, 11, 14, 16, 20, 22, 24, 26, 29; 27:10, 11, 12, 16, 18, 20, 24, 28, 33, 34, 35, 36, 37, 44; 28:2, 10, 23, 24, 25, 30, 31
Rom 1:5, 7, 8, 11, 12, 13, 14, 15, 16, 18, 25, 29, 32; 2:6, 9, 10, 12, 18; 3:2, 4, 7, 9, 10, 11, 12, 19, 22, 23, 29, 30; 4:9, 11, 12, 14, 16, 17, 18; 5:3, 7, 9, 10, 11, 12, 15, 16, 17, 18, 19, 20; 6:3, 9; 7:3, 8, 13, 23; 8:9, 14, 22, 23, 28, 29, 32, 36, 37; 9:5, 6, 7, 10, 17, 21, 22, 24; 10:4, 12, 16, 18, 20, 21; 11:6, 12, 14, 17, 24, 25, 26, 32, 33, 36; 12:3, 4, 5, 10, 16, 17, 18; 13:1, 5, 7, 8; 14:2, 4, 5, 7, 9, 10, 11, 12, 13, 20; 15:2, 6, 11, 13, 14, 15, 20, 22, 23, 33; 16:2, 4, 6, 12, 15, 16, 19, 23, 24, 26
1Cor 1:2, 5, 10, 12, 14, 17, 24, 26; 2:3, 8, 10, 15; 3:5, 6, 7, 8, 10, 13, 21, 22; 4:3, 5, 11, 13, 15, 17; 5:1, 6; 6:3, 5, 12, 13, 14, 16, 17, 18; 7:2, 7, 17, 20, 24, 29, 34, 39; 8:1, 4, 5, 6, 7; 9:6, 12, 15, 19, 22, 24, 25; 10:1, 2, 3, 4, 5, 7, 8, 9, 10, 11, 17, 23, 24, 29, 31, 32, 33; 11:2, 3, 5, 12, 18, 20, 21, 30; 12:6, 7, 8, 9, 10, 11, 12, 13, 14, 17, 18, 19, 20, 22, 23, 24, 25, 26, 28, 29, 30, 31; 13:2, 3, 7, 9, 10, 12; 14:5, 10, 18, 21, 23, 24, 26, 27, 31, 33, 36, 40; 15:3, 6, 7, 8, 10, 12, 19, 22, 23, 24, 25, 27, 28, 29, 30, 34, 35, 37, 38, 39, 40, 41, 51; 16:2, 9, 12, 14, 16, 19, 24
2Cor 1:1, 4, 11, 12, 13, 14, 20; 2:3, 4, 5, 6, 9, 14, 16, 17; 3:1, 2, 9, 11, 18; 4:2, 15, 17; 5:10, 14, 15, 17, 18; 6:4, 10; 7:1, 4, 5, 7, 11, 13, 14, 15, 16; 8:2, 4, 7, 10, 14, 15, 17, 18, 19, 20, 21, 22; 9:2, 8, 10, 11, 12, 13, 14; 10:5, 6, 8, 12, 15; 11:1, 2, 4, 6, 9, 16, 18, 23, 24, 28; 12:2, 7, 12, 15, 19, 21; 13:1, 2, 11, 14
Gal 1:2, 6, 7, 14, 19, 23; 2:6, 14; 3:2, 4, 8, 10, 13, 15, 16, 17, 19, 20, 22, 26, 27, 28; 4:1, 12, 18, 22, 24, 26, 27; 5:3, 9, 10, 13, 14, 17; 6:4, 5, 6, 10, 12, 16
Eph 1:3, 8, 10, 11, 15, 19, 21, 22, 23; 2:3, 7, 14, 15, 16, 18, 21; 3:3, 8, 9, 10, 15, 18, 19, 20, 21; 4:2, 4, 5, 6, 7, 10, 11, 13, 14, 15, 16, 19, 25, 31; 5:3, 9, 13, 20, 24, 31, 33; 6:11, 13, 16, 18, 21, 24
Phil 1:1, 3, 4, 7, 8, 9, 13, 14, 15, 16, 18, 20, 24, 25, 26, 27, 29; 2:2, 3, 4, 6, 9, 10, 11, 12, 13, 14, 17, 21, 26, 27, 28, 29; 3:4, 8, 13, 15, 18, 21; 4:5, 6, 7, 9, 12, 13, 15, 18, 19, 21, 23
Col 1:4, 6, 9, 10, 11, 15, 16, 17, 18, 19, 20, 23, 28; 2:1, 2, 3, 9, 10, 13, 19, 22; 3:7, 8, 11, 14, 15, 16, 17, 20, 22; 4:1, 6, 9, 11, 12
1Thess 1:2, 5, 6, 7, 8; 2:2, 8, 11, 15, 17; 3:5, 7, 9, 10, 12, 13; 4:1, 4, 6, 10; 5:5, 13, 14, 15, 18, 21, 22, 23, 26, 27
2Thess 1:3, 4, 10, 11; 2:4, 7, 9, 10, 12, 17; 3:2, 4, 6, 11, 16, 17, 18
1Tim 1:3, 6, 14, 15, 16, 17, 19; 2:1, 2, 4, 5, 6, 11; 3:2, 4, 8, 11, 12; 4:1, 4, 8, 9, 10, 15, 16; 5:2, 9, 10, 13, 14, 15, 20, 21, 23, 24, 25; 6:1, 9, 10, 12, 13, 15, 16, 17, 21
2Tim 1:15, 17, 18; 2:2, 7, 10, 16, 18, 19, 20, 21, 24; 3:4, 9, 11, 12, 17; 4:2, 5, 8, 14, 16, 17, 18, 21
Titus 1:5, 6, 9, 10, 11, 15, 16; 2:3, 7, 8, 9, 10, 11, 14, 15; 3:1, 2, 6, 15
Phlm 1:5, 6, 8, 16, 21
Heb 1:2, 3, 4, 6, 11, 14; 2:1, 2, 4, 7, 8, 9, 10, 11, 15, 17; 3:2, 3, 4, 5, 16; 4:4, 6, 8, 13, 15; 5:1, 6, 9, 11, 13, 14; 6:11, 14, 16, 17, 19; 7:2, 7, 11, 13, 15, 22, 23; 8:3, 5, 6, 11; 9:3, 7, 8, 9, 10, 11, 14, 17, 19, 21, 22, 25, 28; 10:3, 10, 11, 12, 14, 25, 29, 33, 37; 11:4, 12, 13, 17, 21, 26, 32, 39, 40; 12:1, 6, 8, 9, 10, 14, 15, 16, 20, 21, 22, 23, 25, 26, 27; 13:2, 4, 14, 18, 21, 22, 24, 25
Jas 1:2, 5, 8, 14, 17, 19, 21, 22; 2:10, 19, 24, 25; 3:1, 2, 3, 4, 6, 7, 12, 16; 4:6, 12, 14, 16; 5:11, 12, 16, 20
1Pet 1:2, 3, 6, 7, 15, 17, 20, 24; 2:1, 13, 17, 18; 3:2, 4, 8, 15, 20; 4:2, 7, 8, 10, 11, 13, 15; 5:5, 7, 10, 14
2Pet 1:2, 3, 4, 5, 11, 19; 2:2, 18; 3:1, 4, 8, 9, 11, 16, 18
1John 1:5, 7, 9; 2:2, 10, 16, 18, 19, 20, 27, 29; 3:3, 20; 4:1, 2, 3, 7, 9; 5:1, 6, 7, 8, 19
2John 1:1, 7, 9, 12
3John 1:2, 12, 13
Jude 1:2, 3, 4, 15, 22, 24, 25
Rev 1:2, 7, 13, 15; 2:5, 10, 14, 19, 20, 23, 24; 3:4, 8, 10, 19, 20; 4:8, 11; 5:4, 5, 6, 8, 9, 11, 13; 6:1, 4, 8, 11, 14, 15; 7:2, 4, 9, 11, 13, 17; 8:3, 7, 8, 9, 10, 11, 12; 9:4, 9, 12, 15, 18; 10:1, 11; 11:6, 13; 12:3, 4, 5, 9; 13:3, 7, 8, 12, 15, 16, 18; 14:2, 6, 8, 15, 17, 18; 15:4, 7; 16:3, 7, 14, 19, 20, 21; 17:1, 10, 13; 18:1, 2, 3, 4, 7, 8, 10, 12, 14, 17, 19, 21, 22, 23, 24; 19:1, 5, 6, 12, 17, 18, 20, 21; 20:3, 12, 13; 21:1, 4, 5, 7, 8, 9, 16, 19, 21, 25; 22:2, 12, 18, 19, 21
