# Every verse containing Specific Times (#995226) - 4,230 verses
# Format: Book chapter:verse, verse; chapter:verse ...  (verse 0 = psalm title)

Gen 1:5, 8, 13, 14, 16, 18, 19, 23, 31; 2:2, 3, 4, 17; 3:5, 8, 14, 17; 4:3, 14; 5:1, 2, 3, 4, 5, 6, 7, 8, 9, 10, 11, 12, 13, 14, 15, 16, 17, 18, 19, 20, 21, 22, 23, 25, 26, 27, 28, 30, 31, 32; 6:3, 4; 7:4, 6, 10, 11, 12, 13, 17, 24; 8:3, 4, 5, 6, 10, 11, 12, 13, 14, 22; 9:28, 29; 10:25; 11:10, 11, 12, 13, 14, 15, 16, 17, 18, 19, 20, 21, 22, 23, 24, 25, 26, 32; 12:4; 14:1, 4, 5, 15; 15:9, 13, 18; 16:3, 16; 17:1, 12, 17, 21, 23, 24, 25, 26; 18:1, 10, 14; 19:1, 2, 5, 15, 27, 33, 34, 35, 37, 38; 20:3, 8; 21:2, 4, 5, 8, 14, 22, 26, 34; 22:3, 4, 14, 15; 23:1; 24:11, 12, 42, 54, 55, 63; 25:7, 8, 17, 20, 24, 26, 31, 33; 26:1, 8, 12, 15, 18, 24, 31, 32, 33, 34; 27:2, 41, 44, 45; 28:11, 18; 29:7, 14, 18, 20, 21, 23, 25, 27, 28, 30, 34; 30:14, 15, 16, 32, 33, 35, 36; 31:10, 22, 23, 24, 29, 38, 39, 40, 41, 42, 43, 48, 54, 55; 32:13, 21, 22, 24, 26, 32; 33:13, 16; 34:25; 35:3, 20, 28, 29; 37:2, 34; 38:1, 12, 24, 27; 39:5, 10, 11; 40:5, 6, 7, 12, 13, 18, 19, 20; 41:1, 5, 8, 9, 11, 26, 27, 29, 30, 34, 35, 36, 46, 47, 48, 50, 53, 54; 42:13, 17, 18, 32; 43:10, 16, 18, 20, 25; 44:3; 45:6, 11; 46:2; 47:9, 17, 18, 23, 26, 28, 29; 48:15, 20; 49:1, 27; 50:3, 4, 10, 20, 22, 26
Exod 2:2, 11, 13, 18, 23; 3:18; 5:3, 6, 13, 14, 19; 6:16, 18, 20, 28; 7:7, 15, 25; 8:10, 20, 22, 23, 27, 29, 32; 9:5, 6, 13, 14, 18, 27; 10:4, 6, 13, 22, 23, 28; 11:4; 12:2, 3, 5, 6, 8, 10, 11, 12, 14, 15, 16, 17, 18, 19, 21, 22, 27, 29, 30, 31, 40, 41, 42, 43, 48, 51; 13:3, 4, 5, 6, 7, 8, 10, 14, 21, 22; 14:13, 20, 21, 24, 27, 30; 15:22; 16:1, 4, 5, 7, 8, 12, 13, 19, 20, 21, 22, 23, 24, 25, 26, 27, 29, 30, 35; 17:9; 18:13, 14; 19:1, 10, 11, 15, 16; 20:8, 9, 10, 11, 12; 21:2, 19, 21, 29, 36; 22:30; 23:10, 11, 12, 14, 15, 16, 17, 18, 26, 29; 24:4, 16, 18; 27:21; 29:30, 34, 35, 36, 37, 38, 39, 41; 30:7, 8, 10, 14; 31:13, 14, 15, 16, 17; 32:5, 6, 28, 29, 30, 34; 34:2, 4, 11, 18, 21, 22, 23, 24, 25, 28; 35:2, 3; 36:3; 38:26; 40:2, 17, 37, 38
Lev 6:5, 9, 12, 20; 7:15, 16, 17, 18, 35, 36, 38; 8:33, 34, 35; 9:1, 3, 4, 17; 10:19; 11:24, 25, 27, 28, 31, 32, 39, 40; 12:2, 3, 4, 5, 6; 13:4, 5, 6, 21, 26, 27, 31, 32, 33, 34, 46, 50, 51, 54, 58; 14:2, 8, 9, 10, 23, 26, 38, 39, 46; 15:5, 6, 7, 8, 10, 11, 13, 14, 16, 17, 18, 19, 21, 22, 23, 24, 25, 26, 27, 28, 29; 16:29, 30, 31, 34; 17:15; 18:18; 19:3, 6, 7, 13, 23, 24, 25, 30; 22:27, 28, 30; 23:3, 5, 6, 7, 8, 11, 12, 14, 15, 16, 18, 19, 21, 22, 24, 27, 28, 29, 30, 32, 34, 35, 36, 37, 38, 39, 40, 41, 42; 24:3, 8; 25:2, 3, 4, 5, 6, 8, 9, 10, 11, 12, 13, 15, 16, 20, 21, 22, 27, 28, 29, 30, 31, 32, 33, 40, 50, 51, 52, 53, 54; 26:2, 5, 34, 35, 43; 27:3, 5, 6, 7, 17, 18, 21, 23, 24
Num 1:1, 3, 18, 20, 22, 24, 26, 28, 30, 32, 34, 36, 38, 40, 42, 45; 3:1, 13, 15, 22, 28, 34, 39, 40, 43; 4:3, 16, 23, 30, 35, 39, 43, 47; 6:4, 5, 6, 8, 9, 10, 11, 12, 13, 14; 7:1, 10, 11, 12, 15, 17, 18, 21, 23, 24, 27, 29, 30, 33, 35, 36, 39, 41, 42, 45, 47, 48, 51, 53, 54, 57, 59, 60, 63, 65, 66, 69, 71, 72, 75, 77, 78, 81, 83, 84, 87, 88; 8:17, 24, 25; 9:1, 2, 3, 4, 5, 6, 10, 11, 12, 13, 14, 15, 16, 19, 20, 21, 22; 10:6, 10, 11, 33, 34; 11:9, 18, 19, 20, 21, 31, 32; 12:14, 15; 13:20, 22, 25; 14:1, 14, 25, 29, 33, 34, 40; 15:23, 27, 32; 16:5, 7, 16, 41; 17:8; 18:16; 19:7, 8, 10, 11, 12, 14, 16, 19, 21, 22; 20:1, 15, 29; 22:4, 8, 13, 19, 20, 21, 30, 41; 23:23; 24:14; 25:18; 26:2, 4, 10, 62; 28:3, 4, 8, 9, 10, 11, 14, 16, 17, 18, 19, 23, 24, 25, 26, 27; 29:1, 2, 6, 7, 8, 12, 13, 17, 20, 23, 26, 29, 32, 35, 36; 30:5, 7, 8, 12, 14; 31:19, 24; 32:10, 11, 13; 33:3, 8, 38, 39; 35:26
Deut 1:2, 3, 9, 10, 16, 18, 33, 39, 46; 2:1, 7, 14, 18, 20, 22, 25, 30, 34; 3:4, 8, 12, 14, 18, 21, 23; 4:4, 8, 9, 10, 14, 15, 20, 26, 30, 32, 38, 39, 40; 5:1, 3, 5, 12, 13, 14, 15, 16, 24, 33; 6:2, 6, 20, 24; 7:11; 8:1, 2, 4, 11, 18, 19; 9:1, 3, 7, 9, 10, 11, 18, 19, 20, 24, 25; 10:1, 4, 8, 10, 13, 15; 11:2, 4, 8, 9, 12, 13, 21, 26, 27, 28, 32; 12:1, 8; 13:18; 14:22, 28; 15:1, 5, 9, 12, 15, 18, 20; 16:1, 2, 3, 4, 5, 6, 7, 8, 9, 10, 13, 15, 16; 17:9, 19, 20; 18:16; 19:4, 6, 9, 14, 17; 20:3, 19; 21:13, 23; 22:7, 19, 29; 23:6, 10, 11; 24:5, 15; 25:15; 26:3, 12, 16, 17, 18; 27:1, 2, 4, 9, 10, 11; 28:1, 13, 14, 15, 29, 32, 66, 67; 29:4, 5, 10, 12, 13, 15, 18, 28; 30:2, 8, 11, 15, 16, 18, 19, 20; 31:2, 10, 14, 17, 18, 22, 27, 29; 32:7, 35, 46, 47, 48; 33:12, 25; 34:6, 7, 8
Josh 1:5, 8, 11; 2:2, 5, 16, 22; 3:1, 2, 5, 7, 15; 4:3, 6, 9, 14, 19, 21; 5:2, 6, 9, 10, 11, 12; 6:3, 4, 10, 12, 14, 15, 16, 25, 26; 7:6, 13, 14, 16, 25, 26; 8:3, 9, 10, 13, 14, 25, 28, 29; 9:12, 16, 17, 27; 10:9, 12, 13, 14, 26, 27, 28, 32, 35, 42; 11:6, 10, 18, 21; 13:1, 13; 14:7, 9, 10, 11, 12, 14; 15:63; 16:10; 20:6; 22:3, 16, 17, 18, 22, 24, 27, 28, 29, 31; 23:1, 8, 9, 14; 24:2, 15, 25, 29, 31
Judg 1:21, 26; 2:7, 8, 18; 3:8, 11, 14, 29, 30; 4:3, 4, 14, 23; 5:1, 6, 31; 6:1, 24, 25, 27, 28, 31, 32, 38, 40; 7:9, 19; 8:28; 9:8, 18, 19, 22, 32, 33, 34, 42, 45; 10:2, 3, 4, 8, 14, 15; 11:4, 26, 27, 37, 38, 39, 40; 12:3, 6, 7, 9, 11, 14; 13:1, 7, 10, 23; 14:4, 8, 12, 14, 15, 17, 18; 15:1, 19, 20; 16:2, 3, 16, 31; 17:6, 10; 18:1, 12, 30, 31; 19:1, 2, 4, 5, 6, 8, 9, 10, 11, 13, 16, 25, 26, 27, 30; 20:5, 15, 19, 21, 22, 24, 25, 26, 27, 28, 30, 35, 46, 47; 21:3, 4, 6, 14, 19, 22, 24, 25
Ruth 1:1, 4, 12, 22; 2:7, 14, 17, 19, 21, 23; 3:2, 8, 13, 14, 18; 4:5, 7, 9, 10, 14
1Sam 1:3, 4, 7, 11, 19, 20, 21; 2:19, 31, 34; 3:1, 2, 8, 12, 15; 4:3, 12, 15, 16, 18, 20; 5:3, 4, 5; 6:1, 13, 15, 16, 18; 7:2, 6, 10, 13, 15, 16; 8:8, 18; 9:12, 13, 15, 16, 19, 20, 24, 26; 10:2, 8, 9, 19; 11:3, 9, 10, 11, 13; 12:2, 5, 17, 18; 13:1, 8, 11, 22; 14:1, 18, 21, 23, 24, 28, 30, 31, 33, 34, 36, 37, 38, 45, 52; 15:11, 12, 16, 28, 35; 16:13; 17:10, 12, 16, 20, 46; 18:2, 9, 10, 19, 21, 26; 19:2, 10, 11, 21, 24; 20:5, 6, 12, 18, 19, 26, 27, 34, 35; 21:5, 6, 7, 10; 22:8, 13, 18, 22; 23:14; 24:4, 10, 18, 19; 25:8, 10, 16, 22, 28, 32, 33, 34, 36, 37, 38; 26:7, 8, 10, 19, 21, 23, 24; 27:1, 6, 7, 10; 28:1, 8, 18, 19, 20, 25; 29:3, 6, 8, 10, 11; 30:1, 12, 13, 17, 25; 31:6, 8, 12, 13
2Sam 1:1, 2; 2:10, 11, 17, 27, 29, 32; 3:8, 35, 37, 38, 39; 4:3, 4, 5, 7, 8; 5:2, 4, 5, 8; 6:8, 9, 11, 20, 23; 7:4, 6, 11, 12; 11:1, 2, 12, 13, 14; 12:16, 18; 13:4, 23, 32, 37, 38; 14:2, 22, 26, 28, 29; 15:7, 20; 16:3, 12, 23; 17:1, 7, 16, 22; 18:7, 8, 18, 20, 31; 19:2, 3, 5, 6, 7, 19, 20, 22, 24, 32, 35; 20:3, 4, 5, 18; 21:1, 9, 10; 22:1, 19; 23:4, 8, 10, 13, 20; 24:8, 11, 13, 15, 18
1Kgs 1:1, 6, 25, 30, 48, 51; 2:1, 8, 11, 24, 26, 37, 38, 39, 42; 3:2, 5, 6, 13, 14, 18, 19, 20, 21; 4:7, 21, 22, 25, 27; 5:7, 11, 14; 6:1, 37, 38; 7:1; 8:2, 8, 16, 24, 28, 29, 40, 59, 61, 64, 65, 66; 9:2, 10, 13, 21, 25; 10:12, 14, 21, 22, 25; 11:12, 16, 25, 29, 34, 42; 12:5, 7, 12, 19, 32, 33; 13:3, 11; 14:1, 14, 20, 21, 25, 30; 15:1, 2, 5, 6, 9, 10, 14, 16, 23, 25, 28, 32, 33; 16:8, 10, 15, 16, 23, 29, 34; 17:1, 6, 14, 15; 18:1, 15, 26, 27, 29, 34, 36, 43, 44; 19:2, 4, 7, 8; 20:6, 13, 16, 22, 26, 29; 21:29; 22:1, 2, 5, 25, 35, 41, 42, 46, 51
2Kgs 1:17; 2:3, 5, 17, 22; 3:1, 6, 9, 20, 22; 4:8, 11, 16, 17, 18, 20, 23; 5:26; 6:14, 28, 29, 31; 7:1, 5, 7, 9, 12, 18; 8:1, 2, 3, 6, 15, 16, 17, 20, 21, 22, 25, 26; 9:26, 29; 10:6, 8, 9, 27, 32, 36; 11:3, 4, 5, 7, 9, 21; 12:1, 2, 6; 13:1, 3, 10, 20, 22; 14:1, 2, 7, 17, 21, 23; 15:1, 2, 5, 8, 13, 17, 18, 23, 27, 29, 30, 32, 33, 37; 16:1, 2, 6, 15, 18; 17:1, 4, 5, 6, 23, 34, 41; 18:1, 2, 4, 9, 10, 13, 16; 19:3, 29, 35; 20:1, 5, 6, 8, 12, 17, 19; 21:1, 15, 19; 22:1, 3; 23:21, 22, 23, 29, 31, 36; 24:1, 8, 10, 12, 18; 25:1, 2, 3, 4, 8, 25, 27, 29, 30
1Chr 1:19; 2:21; 3:4; 4:41, 43; 5:10, 17, 26; 7:2, 22; 9:20, 25, 27, 32, 33; 10:8, 12; 11:2, 11, 22; 12:15, 22, 39; 13:3, 11, 12, 14; 16:7, 23, 37, 40; 17:3, 5, 10, 11; 20:1, 4; 21:12, 28; 22:9; 23:1, 3, 24, 27, 30, 31; 26:17, 31; 27:1, 2, 3, 4, 5, 7, 8, 9, 10, 11, 12, 13, 14, 15, 23; 28:7; 29:5, 15, 21, 22, 27, 28
2Chr 1:7; 2:4; 3:2; 5:3, 9; 6:5, 15, 20; 7:8, 9, 10, 12; 8:1, 8, 13, 14, 16; 9:13, 20, 21, 24, 30; 10:5, 12, 19; 11:17; 12:2, 13; 13:1, 2, 11, 18, 20; 14:1, 6; 15:10, 11, 17, 19; 16:1, 7, 10, 12, 13; 17:7; 18:2, 4, 24, 34; 20:16, 17, 20, 25, 26, 31; 21:5, 8, 9, 10, 15, 19, 20; 22:2, 12; 23:1, 4, 8; 24:1, 2, 5, 11, 14, 15, 23; 25:1, 5, 25, 27; 26:1, 3, 5, 21; 27:1, 5, 8; 28:1, 6, 16, 22; 29:1, 3, 17; 30:1, 2, 3, 5, 13, 15, 17, 18, 21, 22, 23, 26; 31:3, 7, 16, 17; 32:24, 26; 33:1, 21; 34:1, 3, 8, 33; 35:1, 6, 7, 8, 9, 11, 13, 14, 16, 17, 18, 19, 21, 25; 36:2, 5, 9, 10, 11, 21, 22
Ezra 1:1; 3:1, 3, 4, 6, 8; 4:2, 5, 7, 10, 11, 15, 17, 19, 24; 5:3, 11, 13, 16; 6:3, 9, 15, 19, 20, 22; 7:7, 8, 9, 12; 8:15, 31, 32, 33, 34; 9:4, 5, 7, 15; 10:8, 9, 13, 16, 17
Neh 1:1, 4, 6, 11; 2:1, 6, 11, 12, 13, 15; 4:2, 9, 16, 21, 22; 5:11, 14, 18; 6:1, 5, 10, 15, 17; 7:73; 8:2, 3, 9, 10, 11, 13, 14, 17, 18; 9:1, 3, 10, 12, 14, 19, 21, 27, 30, 32, 36; 10:31, 32, 33, 34, 35; 11:23; 12:7, 12, 22, 23, 26, 43, 44, 46, 47; 13:1, 6, 15, 16, 17, 18, 19, 21, 22, 23
Esth 1:1, 2, 3, 4, 5, 10, 18; 2:11, 12, 14, 16, 19, 21; 3:4, 7, 12, 13, 14; 4:11, 14, 16; 5:1, 4, 8, 9, 12, 14; 6:1; 7:2; 8:1, 9, 12, 13, 17; 9:1, 11, 13, 15, 17, 18, 19, 21, 22, 26, 27, 28, 29, 31, 32
Job 1:4, 5, 6, 13; 2:1, 13; 3:1, 3, 4, 5, 6, 7, 8, 9; 4:13, 20; 5:14; 6:17; 7:1, 3, 4, 6, 16, 18, 21; 8:9; 9:19, 25; 10:5, 20; 11:17; 12:12; 14:1, 5, 6, 13, 14; 15:20, 23, 32; 16:22; 17:1, 11, 12; 18:20; 19:25; 20:8, 28; 21:13, 21, 30; 22:16; 23:2; 24:1, 14, 15, 16, 17; 26:10; 27:20; 29:2, 4, 18, 19; 30:3, 16, 17, 27; 32:7; 33:15, 25; 34:20, 25; 35:10; 36:11, 20, 26; 38:7, 12, 21, 23; 39:1, 2, 18; 41:18; 42:16, 17
Ps 1:2; 2:7; 4:7; 5:3; 6:6; 7:11; 13:2; 16:7; 17:3; 18:18; 19:2; 20:1; 21:4, 9; 22:2; 23:6; 25:5; 27:4, 5; 30:5; 31:10; 32:3, 4, 6; 34:12; 35:28; 37:6, 13, 18, 19, 39; 38:6, 12; 39:4, 5; 41:1; 42:3, 8, 10; 44:1, 8, 22; 49:5, 14; 50:15; 55:10, 17, 23; 56:1, 2, 3, 5; 59:6, 14, 16; 61:6, 8; 63:6; 65:8, 11; 68:19; 69:13; 71:8, 9, 15, 24; 72:7, 15; 73:14; 74:16, 17, 22; 77:2, 5, 6, 10; 78:9, 14, 33, 38, 42; 81:3, 15; 84:10; 86:3, 7; 88:1, 9, 13, 17; 89:16, 29, 45, 47; 90:4, 5, 6, 9, 10, 12, 14, 15; 91:5, 6; 92:0, 2; 94:13; 95:7, 8, 10; 96:2; 102:2, 3, 8, 11, 13, 23, 24, 27; 103:15; 104:20, 23; 105:19, 39; 109:8; 110:3, 5; 113:2; 115:18; 118:24; 119:55, 62, 84, 91, 97, 126, 147, 148, 164; 121:6, 8; 128:5; 129:1, 2; 130:6; 134:1; 136:8, 9; 137:7; 138:3; 139:9, 11, 12; 140:7; 141:2; 143:5, 8; 144:4; 145:2; 146:4
Prov 3:2, 16, 28; 4:10, 18; 5:9; 6:8, 34; 7:9, 14, 18, 20; 8:30, 34; 9:11; 10:5, 27; 11:4; 15:15; 16:4; 20:4; 21:26, 31; 22:19; 23:17; 24:10; 25:13, 19; 26:1; 27:1, 10, 14, 15; 28:16; 31:12, 15, 18, 25
Eccl 1:10; 2:3, 16, 23; 3:1, 2, 3, 4, 5, 6, 7, 8, 11, 17; 5:17, 18, 20; 6:3, 6, 12; 7:1, 10, 14, 15, 17; 8:5, 6, 8, 9, 12, 13, 15, 16; 9:9, 11, 12; 10:16; 11:1, 6, 8, 9; 12:1, 3
Song 1:7, 13; 2:11, 12, 17; 3:1, 8, 11; 4:6; 5:2; 6:10; 8:8
Isa 1:1, 13; 2:2, 11, 12, 17, 20; 3:7, 18; 4:1, 2, 5, 6; 5:11, 30; 6:1; 7:1, 8, 17, 18, 20, 21, 23; 9:4, 14; 10:3, 17, 20, 27, 32; 11:10, 11, 16; 12:1, 4; 13:6, 9, 13, 22; 14:3, 12, 28; 15:1, 5; 16:3, 9, 13, 14; 17:4, 7, 9, 11, 14; 18:4, 5, 6, 7; 19:16, 18, 19, 21, 23, 24; 20:1, 2, 3, 6; 21:4, 8, 11, 12, 16; 22:5, 8, 12, 13, 20, 25; 23:7, 15, 17; 24:21, 22; 25:9; 26:1, 9, 17; 27:1, 2, 3, 8, 12, 13; 28:5, 19, 24; 29:1, 7, 18; 30:8, 23, 25, 26, 29; 31:7; 32:10; 33:2; 34:8, 10; 36:1; 37:3, 30, 36; 38:1, 5, 10, 12, 13, 15, 19, 20; 39:1, 6, 8; 41:4; 42:14, 23; 43:13; 44:6, 8; 45:21; 47:9, 13; 48:6, 7, 8, 12, 16; 49:8; 50:4; 51:9, 13; 52:5, 6; 53:10; 56:2, 4, 6, 12; 58:2, 3, 4, 5, 8, 10, 13; 59:10; 60:11, 19, 20, 22; 61:2; 62:6; 63:4, 9, 11; 65:2, 5, 20, 22; 66:8, 23
Jer 1:2, 3, 10, 13, 18; 2:20, 24, 27, 28, 32; 3:4, 6, 16, 17, 18, 25; 4:9, 11; 5:6, 8, 18, 24; 6:4, 5, 11, 15; 7:22, 25, 32; 8:1, 7, 12, 15, 20; 9:1, 25; 10:15; 11:4, 5, 7, 12, 14, 23; 12:3; 13:3, 6; 14:8, 17, 19; 15:8, 9, 11; 16:9, 13, 14, 19; 17:8, 11, 16, 17, 18, 21, 22, 24, 27; 18:17, 23; 19:6, 11; 20:3, 7, 8, 14, 16, 18; 21:12; 22:30; 23:5, 6, 7, 12, 20; 25:1, 3, 11, 12, 18, 33, 34; 26:18; 27:7, 22; 28:1, 3, 11, 16, 17; 29:10; 30:3, 7, 8, 24; 31:1, 6, 27, 29, 31, 32, 33, 35, 38; 32:1, 14, 20, 31; 33:1, 14, 15, 16, 20, 25; 34:13, 14; 35:1, 7, 8, 14; 36:1, 2, 6, 9, 22, 30; 37:16, 21; 38:28; 39:1, 2, 4, 10, 16, 17; 40:4, 10, 12; 41:1, 4; 42:7, 19, 21; 44:2, 6, 10, 22, 23; 45:1; 46:2, 10, 17, 21, 26; 47:4; 48:12, 32, 34, 41, 44, 47; 49:2, 8, 9, 19, 22, 26, 39; 50:4, 16, 20, 27, 30, 31, 44; 51:2, 6, 18, 33, 46, 47, 52, 59; 52:1, 4, 5, 6, 7, 11, 12, 28, 29, 30, 31, 33, 34
Lam 1:2, 7, 12, 13, 21; 2:1, 6, 7, 16, 17, 18, 19, 21, 22; 3:3, 14, 23, 57, 62; 4:18; 5:20, 21
Ezek 1:1, 2, 28; 2:3; 3:15, 16; 4:4, 5, 6, 8, 9, 10, 11; 5:2; 7:7, 10, 12, 19; 8:1; 12:3, 4, 6, 7, 8, 12, 22, 23, 25, 27; 13:5; 16:4, 5, 8, 22, 43, 56, 57, 60; 20:1, 5, 6, 12, 13, 16, 20, 21, 24, 29, 31; 21:14, 25, 29; 22:3, 4, 8, 14, 24, 26; 23:19, 38, 39; 24:1, 2, 18, 25, 26, 27; 26:1, 18, 20; 27:27, 34; 28:13, 15; 29:1, 11, 12, 13, 17, 21; 30:2, 3, 9, 16, 18, 20; 31:1, 15; 32:1, 10, 17; 33:12, 21, 22; 34:12; 35:5; 36:33; 38:8, 10, 14, 16, 17, 18, 19; 39:8, 9, 11, 12, 13, 14, 22; 40:1; 43:18, 22, 25, 26, 27; 44:24, 26, 27; 45:17, 18, 20, 21, 22, 23, 25; 46:1, 2, 3, 4, 6, 12, 13, 14, 15, 17; 47:12; 48:35
Dan 1:1, 5, 12, 14, 15, 18, 21; 2:1, 8, 9, 16, 19, 28, 44; 3:5, 6, 7, 8, 15; 4:19, 29, 33, 34, 36; 5:5, 11, 30, 31; 6:7, 10, 12, 13, 18, 19; 7:1, 2, 7, 9, 12, 13, 22, 25; 8:1, 11, 12, 13, 14, 17, 19, 23, 26, 27; 9:1, 2, 7, 15, 21, 24, 25, 26, 27; 10:1, 2, 3, 4, 12, 13, 14; 11:1, 6, 8, 13, 20, 24, 27, 29, 31, 33, 35, 40; 12:1, 4, 7, 9, 11, 12, 13
Hos 1:1, 5, 11; 2:3, 9, 11, 13, 15, 16, 18, 21; 3:3, 4, 5; 4:5; 5:7, 9; 6:2, 3, 4; 7:5, 6; 9:5, 7, 9, 10; 10:9, 12, 14, 15; 12:1, 9; 13:3
Joel 1:2, 13, 15; 2:1, 2, 11, 23, 25, 29, 31; 3:1, 14, 18
Amos 1:1, 14; 2:10, 16; 3:14, 15; 4:2, 4, 7, 13; 5:8, 13, 18, 20, 21, 25; 6:3; 8:3, 5, 9, 10, 11, 13; 9:11, 13
Obad 1:5, 8, 11, 12, 13, 14, 15
Jonah 1:17; 3:1, 3, 4; 4:7, 10
Mic 1:1; 2:1, 3, 4; 3:4, 6; 4:1, 6; 5:3, 10; 6:6; 7:4, 11, 12, 14, 15, 20
Nah 1:7, 9; 2:3; 3:17
Hab 1:5, 8; 2:3; 3:2, 16
Zeph 1:1, 7, 8, 9, 10, 12, 14, 15, 16, 18; 2:2, 3, 4, 7; 3:3, 5, 8, 11, 16, 19, 20
Hag 1:1, 2, 4, 15; 2:1, 10, 15, 16, 18, 19, 20, 23
Zech 1:1, 7, 8, 12; 2:11; 3:9, 10; 4:10; 6:10; 7:1, 3, 5; 8:6, 9, 10, 11, 15, 19, 23; 9:12, 16; 10:1; 11:8, 11; 12:3, 4, 6, 8, 9, 11; 13:1, 2, 4; 14:1, 3, 4, 5, 6, 7, 8, 9, 13, 16, 20, 21
Mal 3:2, 4, 7, 11, 17; 4:1, 3, 5
Matt 1:11; 2:1, 7, 14, 16; 3:1; 4:2, 6, 17, 22; 5:21, 25, 27, 33; 6:11, 30, 34; 7:22; 8:3, 13, 16, 29; 9:15, 20, 22; 10:15, 19; 11:12, 22, 23, 24, 25; 12:1, 2, 5, 8, 10, 11, 12, 36, 40, 45; 13:1, 15, 20, 30, 39; 14:1, 6, 15, 23, 25, 31; 15:28, 32; 16:2, 3, 21; 17:1, 18, 23; 18:1; 20:1, 2, 3, 5, 6, 8, 9, 12, 19, 34; 21:18, 28, 34; 22:23, 46; 23:30; 24:19, 20, 21, 22, 29, 36, 37, 38, 42, 44, 50; 25:6, 13, 19; 26:2, 5, 16, 17, 18, 19, 20, 29, 31, 34, 40, 42, 44, 45, 55, 61, 74; 27:1, 8, 19, 40, 45, 46, 57, 62, 63, 64; 28:1, 13, 15
Mark 1:9, 10, 12, 13, 15, 18, 20, 21, 28, 30, 31, 32, 35, 42; 2:1, 2, 8, 12, 20, 23, 24, 26, 27, 28; 3:2, 4, 6; 4:5, 12, 15, 16, 17, 27, 29, 35; 5:2, 5, 25, 29, 30, 42; 6:2, 11, 21, 25, 27, 35, 45, 47, 48, 50, 54; 7:35; 8:1, 2, 10, 31; 9:2, 15, 20, 24, 31; 10:30, 34, 52; 11:3, 11, 12, 13, 19, 20; 13:11, 17, 18, 19, 20, 24, 32, 33, 35; 14:1, 2, 12, 14, 16, 17, 25, 27, 30, 35, 37, 41, 43, 45, 49, 58, 72; 15:1, 25, 29, 33, 34, 42; 16:1, 2, 9
Luke 1:5, 7, 10, 18, 20, 23, 24, 25, 26, 36, 39, 56, 57, 59, 64, 75, 78, 80; 2:1, 6, 8, 11, 21, 22, 36, 37, 41, 42, 43, 44, 46; 3:1, 23; 4:2, 5, 11, 16, 19, 21, 25, 27, 31, 39, 42; 5:5, 13, 17, 25, 26, 35; 6:1, 2, 5, 6, 7, 9, 12, 13, 23, 49; 7:11, 21, 45; 8:13, 22, 27, 42, 43, 44, 47; 9:12, 22, 23, 28, 36, 37, 51; 10:12, 21, 35; 11:3, 5; 12:1, 12, 19, 20, 28, 36, 39, 40, 46, 56; 13:7, 8, 10, 11, 13, 14, 15, 16, 31, 32, 33, 35; 14:1, 3, 5, 17; 15:13, 29; 16:16, 19; 17:4, 22, 24, 26, 27, 28, 29, 30, 31, 34; 18:7, 12, 30, 33, 43; 19:5, 9, 11, 40, 42, 43, 44, 47; 20:1, 9, 19; 21:6, 8, 22, 23, 34, 37, 38; 22:1, 7, 8, 11, 13, 14, 15, 34, 53, 59, 60, 66; 23:7, 12, 22, 29, 43, 44, 54, 56; 24:1, 7, 13, 18, 21, 29, 33, 46
John 1:18, 29, 35, 39, 43; 2:1, 4, 12, 13, 19, 20, 23; 3:2, 4; 4:6, 21, 23, 35, 40, 43, 52, 53; 5:5, 6, 9, 10, 16, 18, 25, 28, 37; 6:4, 21, 22, 39, 40, 44, 54, 66; 7:6, 8, 22, 23, 30, 37, 50; 8:2, 20, 56, 57; 9:4, 14, 16; 10:22; 11:6, 9, 10, 17, 24, 39, 49, 51, 53, 55; 12:1, 7, 12, 23, 27, 48; 13:1, 30; 14:9, 20; 16:2, 4, 21, 23, 25, 26, 32; 17:1; 18:13, 27, 28, 39; 19:14, 27, 31, 39, 42; 20:1, 19, 26; 21:3, 4, 14, 16, 17
Acts 1:2, 3, 5, 6, 12, 15, 21, 22; 2:1, 15, 17, 18, 20, 29, 41, 46, 47; 3:1, 2, 7, 24; 4:3, 5, 9, 22; 5:7, 19, 21, 36, 37, 42; 6:1; 7:6, 8, 13, 17, 20, 23, 26, 28, 30, 36, 41, 42, 45; 8:1, 11; 9:9, 18, 19, 23, 24, 25, 33, 34, 37, 43; 10:3, 9, 15, 23, 24, 30, 40, 48; 11:8, 11, 26, 27, 28; 12:1, 3, 4, 6, 18, 21, 23; 13:11, 14, 18, 20, 21, 27, 31, 33, 41, 42, 44; 14:3, 20, 28; 15:21, 36; 16:5, 9, 10, 11, 12, 13, 18, 25, 26, 33, 35; 17:2, 10, 11, 14, 17, 21, 31; 18:4, 9, 11, 20, 23; 19:8, 9, 10, 23, 34, 40; 20:3, 6, 7, 11, 15, 16, 18, 26, 31; 21:1, 4, 5, 7, 8, 10, 15, 18, 26, 27, 32, 38; 22:3, 6, 13, 30; 23:1, 11, 12, 15, 20, 23, 31, 32; 24:1, 10, 11, 17, 21, 24, 25, 27; 25:1, 6, 13, 14, 17, 22, 23; 26:2, 7, 13, 22, 29; 27:3, 7, 9, 12, 18, 19, 20, 23, 27, 29, 33, 39; 28:7, 11, 12, 13, 14, 17, 23, 30
Rom 2:5, 16; 3:26; 4:19; 5:6; 8:18, 36; 9:9; 10:21; 11:5, 8; 13:11, 12, 13; 14:5, 6; 15:23
1Cor 1:8; 3:13; 4:5, 11, 13; 5:5, 7; 7:5, 29; 8:7; 9:7; 10:8; 11:23; 15:4, 8, 30, 31, 32; 16:2, 6, 8, 12
2Cor 1:14; 3:14, 15; 4:16; 6:2; 8:10, 14; 9:2; 11:25, 28; 12:2, 14; 13:1, 2
Gal 1:13, 16, 18; 2:1, 5; 3:17; 4:2, 4, 10; 5:21
Eph 2:2, 11, 12; 4:30; 5:16; 6:13
Phil 1:5, 6, 10; 2:16; 3:5
Col 1:6, 9; 2:16; 3:7; 4:5
1Thess 2:5, 9, 17; 3:10; 5:2, 4, 5, 7, 8
2Thess 1:10; 2:2, 3, 6; 3:8
1Tim 2:6; 5:5, 9; 6:19
2Tim 1:3, 12, 18; 3:1; 4:3, 6, 8, 21
Titus 3:12
Phlm 1:11
Heb 1:1, 2, 5, 12, 13; 2:1; 3:7, 8, 9, 13, 15, 17; 4:4, 7, 8, 16; 5:5, 7, 12; 7:3, 27; 8:8, 9, 10; 9:7, 9, 10, 25, 28; 10:1, 3, 11, 16, 25, 32; 11:23, 24, 28, 30, 32; 12:10; 13:8
Jas 2:15; 4:13, 14; 5:3, 4, 5, 17
1Pet 1:5, 11, 17; 2:10, 12; 3:5, 10, 20; 4:2, 3, 17; 5:6
2Pet 1:19, 21; 2:3, 8, 9, 13; 3:3, 7, 8, 10, 12
1John 2:18; 4:12, 17
Jude 1:6, 18
Rev 1:3, 10; 2:10, 13, 28; 3:3, 10; 4:2, 8; 6:17; 7:15; 8:1, 12; 9:5, 6, 10, 15; 10:6, 7; 11:2, 3, 6, 9, 11, 13, 18; 12:6, 10, 12, 14; 13:5; 14:7, 11, 15; 16:14; 17:12; 18:8, 10, 17, 19; 20:2, 3, 4, 5, 6, 7, 10; 21:25; 22:2, 5, 10, 16
